-1.494763e-07 -9.385350e-09 4.092502e-08 1.500000e-08 
-1.453375e-07 2.024669e-08 3.873132e-08 1.500000e-08 
-1.717701e-07 -1.340398e-08 2.125684e-08 1.500000e-08 
-1.429162e-07 -2.379664e-08 6.640600e-08 1.500000e-08 
-1.316128e-07 3.000988e-08 6.355696e-08 1.500000e-08 
-1.139267e-07 -2.966570e-08 7.142186e-08 1.500000e-08 
-1.492670e-07 4.935067e-08 3.260626e-08 1.500000e-08 
-1.797677e-07 4.365064e-09 -1.553266e-09 1.500000e-08 
-1.940494e-07 -2.793113e-08 7.378945e-09 1.500000e-08 
-1.687855e-07 7.910863e-09 -2.924478e-08 1.500000e-08 
-1.050633e-07 1.137221e-07 5.409303e-08 1.500000e-08 
-1.322441e-07 1.151287e-07 6.671152e-08 1.500000e-08 
-1.058863e-07 8.625680e-08 4.205172e-08 1.500000e-08 
-9.228214e-08 1.399444e-07 4.709105e-08 1.500000e-08 
-1.516721e-07 1.339756e-07 5.377511e-08 1.500000e-08 
-1.296820e-07 7.199049e-08 3.063951e-08 1.500000e-08 
-8.551671e-08 6.455970e-08 4.583539e-08 1.500000e-08 
-1.136207e-07 5.361763e-08 1.319030e-08 1.500000e-08 
-1.619094e-07 1.386507e-07 2.596605e-08 1.500000e-08 
-1.343644e-07 5.664285e-08 -8.270118e-09 1.500000e-08 
-1.734594e-07 -1.045279e-07 6.047275e-08 1.500000e-08 
-1.591032e-07 -1.301844e-07 6.644297e-08 1.500000e-08 
-1.974099e-07 -1.148273e-07 4.563041e-08 1.500000e-08 
-1.619833e-07 -1.250823e-07 9.586531e-08 1.500000e-08 
-2.077279e-07 -1.429940e-07 4.605160e-08 1.500000e-08 
-1.821905e-07 -1.395845e-07 1.126390e-07 1.500000e-08 
-2.291815e-07 -1.223833e-07 4.218648e-08 1.500000e-08 
-1.998733e-07 -1.638087e-07 1.133497e-07 1.500000e-08 
-2.300793e-07 -9.257567e-08 3.891535e-08 1.500000e-08 
-2.475973e-07 -1.417884e-07 2.861075e-08 1.500000e-08 
-1.842977e-07 -5.621161e-08 5.116240e-09 1.500000e-08 
-1.878663e-07 -4.374988e-08 -2.193873e-08 1.500000e-08 
-1.966535e-07 -8.316469e-08 5.482811e-10 1.500000e-08 
-1.584003e-07 -3.812687e-08 -2.156736e-08 1.500000e-08 
-1.934078e-07 -1.777962e-08 -3.589712e-08 1.500000e-08 
-2.252210e-07 -7.944361e-08 -7.821365e-09 1.500000e-08 
-1.898625e-07 -9.130133e-08 2.861386e-08 1.500000e-08 
-2.190606e-07 -2.443081e-08 -4.995772e-08 1.500000e-08 
-1.297092e-07 -4.446611e-08 -1.551472e-08 1.500000e-08 
-1.961924e-07 -7.409410e-08 5.235924e-08 1.500000e-08 
-1.354828e-08 3.526986e-08 -2.628193e-08 1.500000e-08 
-2.861577e-08 3.410551e-08 -3.663860e-10 1.500000e-08 
-4.020851e-09 6.910092e-09 -2.850729e-08 1.500000e-08 
-6.028343e-09 4.853074e-08 -5.211989e-08 1.500000e-08 
-9.157593e-09 2.318713e-08 1.968776e-08 1.500000e-08 
-5.358262e-08 4.796663e-08 8.827382e-09 1.500000e-08 
1.969498e-08 2.474900e-08 2.775565e-08 1.500000e-08 
-8.968674e-09 2.314851e-08 -6.783921e-08 1.500000e-08 
2.975899e-09 7.639446e-08 -5.864195e-08 1.500000e-08 
8.770897e-09 -2.278911e-09 3.483776e-08 1.500000e-08 
-6.700710e-08 5.118772e-08 1.096883e-07 1.500000e-08 
-5.123883e-08 5.239296e-08 8.419497e-08 1.500000e-08 
-9.502514e-08 5.142635e-08 9.896760e-08 1.500000e-08 
-3.383955e-08 7.076302e-08 1.003136e-07 1.500000e-08 
-4.328101e-08 4.414317e-08 5.647110e-08 1.500000e-08 
-1.047135e-07 3.481924e-08 7.593848e-08 1.500000e-08 
-4.016585e-08 6.915184e-08 4.019647e-08 1.500000e-08 
-1.072798e-07 1.625025e-08 9.936082e-08 1.500000e-08 
-3.243202e-08 3.977747e-08 2.884430e-08 1.500000e-08 
-5.450401e-08 7.788211e-08 1.533291e-08 1.500000e-08 
2.086431e-07 1.071070e-07 -3.748781e-08 1.500000e-08 
2.378653e-07 1.017838e-07 -3.327907e-08 1.500000e-08 
2.013580e-07 8.435961e-08 -5.563947e-08 1.500000e-08 
1.935408e-07 1.330111e-07 -3.843152e-08 1.500000e-08 
2.207142e-07 6.169398e-08 -5.223208e-08 1.500000e-08 
1.734542e-07 1.282113e-07 -6.019115e-08 1.500000e-08 
1.979421e-07 5.090111e-08 -6.850967e-08 1.500000e-08 
2.325347e-07 4.369342e-08 -3.134532e-08 1.500000e-08 
2.156416e-07 1.517083e-07 -3.055990e-08 1.500000e-08 
1.695350e-07 4.915729e-08 -7.799621e-08 1.500000e-08 
2.074574e-07 1.185471e-08 -3.538685e-08 1.500000e-08 
1.878015e-07 -1.042346e-08 -3.955035e-08 1.500000e-08 
2.238802e-07 7.107059e-10 -1.289000e-08 1.500000e-08 
1.941515e-07 -3.916164e-08 -3.373676e-08 1.500000e-08 
2.003806e-07 3.698247e-08 -2.060439e-08 1.500000e-08 
1.948887e-07 -4.587365e-08 -4.506584e-09 1.500000e-08 
1.691112e-07 -5.445063e-08 -2.747488e-08 1.500000e-08 
1.826453e-07 4.207364e-08 -4.425933e-08 1.500000e-08 
1.693332e-07 -5.701174e-08 6.577649e-09 1.500000e-08 
2.058078e-07 4.809469e-08 6.727982e-09 1.500000e-08 
8.341636e-09 -1.727840e-08 -1.014167e-07 1.500000e-08 
3.587408e-08 -1.683088e-08 -1.133229e-07 1.500000e-08 
1.061834e-08 4.765576e-09 -8.119660e-08 1.500000e-08 
6.020383e-08 -9.503898e-09 -9.737461e-08 1.500000e-08 
-1.624355e-08 -8.364055e-09 -8.365688e-08 1.500000e-08 
6.266048e-08 2.038587e-08 -9.812796e-08 1.500000e-08 
-1.136981e-08 -1.078977e-08 -5.415533e-08 1.500000e-08 
-3.719359e-08 1.249260e-08 -8.876568e-08 1.500000e-08 
-2.167919e-08 -3.820713e-08 -4.767419e-08 1.500000e-08 
5.317589e-08 -2.582366e-08 -1.361210e-07 1.500000e-08 
1.185081e-07 -1.277481e-08 -5.320960e-08 1.500000e-08 
1.433801e-07 -4.168620e-09 -3.881089e-08 1.500000e-08 
9.837804e-08 -1.127393e-08 -3.101654e-08 1.500000e-08 
1.079320e-07 -1.006796e-08 -8.115274e-08 1.500000e-08 
1.631201e-07 -1.968807e-08 -5.522613e-08 1.500000e-08 
7.884183e-08 -9.231555e-09 -7.386831e-08 1.500000e-08 
9.856206e-08 -1.807587e-08 -1.085034e-07 1.500000e-08 
1.682429e-07 1.202006e-08 -4.325777e-08 1.500000e-08 
1.102064e-07 -4.518491e-08 -1.139332e-07 1.500000e-08 
5.516573e-08 8.906953e-09 -7.063822e-08 1.500000e-08 
-2.125290e-07 -3.471104e-08 3.001820e-08 1.500000e-08 
1.735168e-07 -7.121393e-08 -5.196126e-08 1.500000e-08 
1.084774e-07 -7.291682e-08 -1.026216e-07 1.500000e-08 
-1.551778e-07 7.923785e-08 1.658810e-08 1.500000e-08 
-4.504021e-08 4.847130e-08 1.299386e-07 1.500000e-08 
1.130574e-07 -5.359913e-08 -1.425876e-07 1.500000e-08 
-1.964282e-07 -3.897980e-08 -6.322809e-08 1.500000e-08 
2.169959e-07 -6.604383e-08 -2.400059e-09 1.500000e-08 
2.238405e-07 6.490706e-08 2.382088e-08 1.500000e-08 
-1.303951e-07 -1.447495e-08 -1.526978e-08 1.500000e-08 
-1.922030e-07 -2.204252e-08 -8.762639e-08 1.500000e-08 
-9.335506e-08 1.694452e-07 5.243448e-08 1.500000e-08 
-3.398105e-08 8.364346e-08 1.274074e-07 1.500000e-08 
-1.854787e-08 8.604191e-08 1.530211e-07 1.500000e-08 
-1.970986e-07 -1.778139e-07 1.397345e-07 1.500000e-08 
-1.751387e-07 3.852697e-08 4.325996e-08 1.500000e-08 
1.224685e-07 -3.878023e-09 -1.197686e-07 1.500000e-08 
2.307091e-07 8.985294e-08 8.637809e-09 1.500000e-08 
-4.006318e-08 1.103671e-07 1.396080e-07 1.500000e-08 
3.762316e-08 9.084143e-09 4.600922e-08 1.500000e-08 
1.873358e-07 1.534675e-07 -6.852344e-08 1.500000e-08 
-2.499538e-07 -1.006229e-07 5.989739e-08 1.500000e-08 
1.414443e-07 -4.407168e-08 -1.407407e-07 1.500000e-08 
1.477303e-07 -7.779305e-08 -3.811324e-08 1.500000e-08 
-9.583502e-08 5.395437e-08 1.288499e-07 1.500000e-08 
5.492769e-08 -5.384334e-08 -1.466960e-07 1.500000e-08 
-1.667436e-07 8.247105e-08 4.407955e-08 1.500000e-08 
-1.357880e-07 -1.114722e-07 6.394156e-08 1.500000e-08 
1.803085e-07 9.725291e-08 -3.727872e-08 1.500000e-08 
-5.993946e-08 1.286784e-07 1.265839e-07 1.500000e-08 
2.038252e-07 1.762739e-07 -7.891437e-08 1.500000e-08 
-4.057861e-08 4.518149e-08 -3.471524e-08 1.500000e-08 
6.310495e-08 2.194480e-08 3.677439e-08 1.500000e-08 
1.991639e-07 2.055960e-07 -7.461470e-08 1.500000e-08 
-2.530856e-07 -8.801014e-08 -7.374720e-10 1.500000e-08 
1.644623e-07 -6.301559e-08 -1.441019e-07 1.500000e-08 
4.026144e-09 3.046587e-08 5.269167e-08 1.500000e-08 
-5.757320e-09 6.415184e-08 -2.401649e-08 1.500000e-08 
2.141542e-07 -1.614300e-08 9.943247e-09 1.500000e-08 
-1.930811e-07 7.525867e-09 -9.262030e-08 1.500000e-08 
-1.797711e-07 -3.997301e-08 -1.082163e-07 1.500000e-08 
2.099215e-07 2.530737e-09 3.303817e-08 1.500000e-08 
1.274037e-07 -1.667060e-08 -1.670986e-08 1.500000e-08 
-7.260938e-10 6.198927e-08 1.510577e-07 1.500000e-08 
1.819144e-07 -4.624743e-08 -1.263746e-07 1.500000e-08 
4.646520e-08 -4.743602e-08 -1.747554e-07 1.500000e-08 
2.717926e-08 6.188134e-08 1.620705e-07 1.500000e-08 
-2.360917e-07 -3.624288e-08 -7.164678e-08 1.500000e-08 
-4.034773e-08 5.191359e-08 1.593687e-07 1.500000e-08 
1.932119e-07 -1.878241e-08 -1.306219e-07 1.500000e-08 
1.723050e-07 5.996258e-08 -2.250932e-08 1.500000e-08 
4.397580e-08 2.258045e-08 -1.214960e-07 1.500000e-08 
-1.496696e-07 1.403124e-07 8.302977e-08 1.500000e-08 
2.386279e-07 8.262446e-08 -6.410697e-08 1.500000e-08 
6.385435e-08 -4.972801e-08 -1.990939e-07 1.500000e-08 
2.524444e-07 9.140738e-10 -2.205775e-08 1.500000e-08 
-1.169667e-07 -1.127712e-07 4.061626e-08 1.500000e-08 
-2.820641e-07 -8.113585e-08 -4.341196e-09 1.500000e-08 
-1.024556e-07 -3.873356e-08 -2.666725e-08 1.500000e-08 
-1.836864e-07 -3.453315e-08 -1.374580e-07 1.500000e-08 
8.351480e-08 -5.184837e-08 -2.216543e-07 1.500000e-08 
2.297363e-07 -5.737523e-08 2.333973e-08 1.500000e-08 
-1.057157e-07 -9.721585e-08 1.756313e-08 1.500000e-08 
1.647182e-07 1.707833e-07 -7.793659e-08 1.500000e-08 
-2.350439e-07 -1.770956e-08 4.021785e-08 1.500000e-08 
-1.979773e-07 -1.615724e-07 1.649425e-07 1.500000e-08 
-2.192367e-07 -3.807844e-08 -2.324234e-08 1.500000e-08 
-3.029107e-08 9.723529e-08 3.648049e-08 1.500000e-08 
-8.796232e-08 -3.685965e-08 5.822718e-08 1.500000e-08 
-2.011589e-07 -1.387209e-07 1.841176e-07 1.500000e-08 
7.431897e-08 -2.754888e-08 -5.054408e-08 1.500000e-08 
2.808719e-07 -8.227229e-09 -1.917415e-08 1.500000e-08 
-1.677327e-07 -1.321704e-08 7.952910e-08 1.500000e-08 
2.358295e-07 1.012356e-07 3.591812e-08 1.500000e-08 
-3.383130e-08 1.226555e-07 1.662568e-07 1.500000e-08 
-1.428572e-07 1.088092e-07 9.405060e-08 1.500000e-08 
-2.532053e-08 1.447581e-07 1.846699e-07 1.500000e-08 
2.016085e-07 -2.408396e-08 -1.589308e-07 1.500000e-08 
1.511630e-07 6.013531e-08 -5.697358e-08 1.500000e-08 
1.714087e-08 6.232568e-08 -4.720431e-09 1.500000e-08 
2.350355e-09 9.940016e-08 1.361445e-07 1.500000e-08 
-4.062898e-08 1.106557e-07 6.123976e-08 1.500000e-08 
-1.959570e-07 4.943137e-08 2.461339e-08 1.500000e-08 
-5.956419e-08 1.326506e-07 1.780006e-07 1.500000e-08 
8.061392e-08 -5.208578e-08 -6.661623e-08 1.500000e-08 
-7.740183e-08 1.887163e-08 1.000224e-07 1.500000e-08 
-1.450505e-07 1.335113e-07 1.118813e-07 1.500000e-08 
-1.948993e-08 9.473621e-08 8.938770e-08 1.500000e-08 
-2.071934e-07 -1.452506e-08 -1.125016e-07 1.500000e-08 
1.808481e-08 8.326712e-08 1.163416e-07 1.500000e-08 
-1.662744e-07 -1.333942e-07 1.373040e-07 1.500000e-08 
1.870564e-07 -7.736075e-08 1.968506e-08 1.500000e-08 
1.621589e-07 1.065357e-07 -1.526908e-08 1.500000e-08 
3.617026e-08 8.186983e-08 7.765918e-09 1.500000e-08 
2.249887e-07 -1.571016e-08 -1.421008e-07 1.500000e-08 
-2.213887e-07 -1.434457e-07 1.601127e-07 1.500000e-08 
-3.373478e-09 -5.421767e-08 -6.524016e-08 1.500000e-08 
6.213246e-08 3.963173e-08 6.098651e-08 1.500000e-08 
2.333552e-07 1.742983e-07 -8.382079e-08 1.500000e-08 
2.622266e-07 9.180673e-08 2.522748e-08 1.500000e-08 
9.338546e-09 8.226784e-08 1.749584e-07 1.500000e-08 
2.741009e-08 8.167570e-08 -2.521726e-08 1.500000e-08 
-2.545132e-07 1.315509e-09 5.282710e-08 1.500000e-08 
2.149135e-07 -4.157979e-08 -1.793482e-07 1.500000e-08 
2.456717e-07 -7.949168e-08 1.081266e-08 1.500000e-08 
2.293409e-07 -4.831754e-08 -2.047737e-07 1.500000e-08 
-1.453016e-07 1.635892e-07 2.446439e-08 1.500000e-08 
1.306380e-07 -4.059519e-08 -1.685101e-07 1.500000e-08 
2.130889e-07 5.348727e-08 4.939415e-08 1.500000e-08 
-4.929769e-08 8.798524e-09 9.707458e-08 1.500000e-08 
-5.689919e-08 2.364363e-08 1.418949e-07 1.500000e-08 
-1.076811e-07 -1.407405e-07 3.500439e-08 1.500000e-08 
-4.575618e-08 1.385370e-07 5.142424e-08 1.500000e-08 
-1.727415e-07 1.249588e-07 1.569385e-09 1.500000e-08 
-2.602560e-07 -1.087761e-07 -2.116682e-08 1.500000e-08 
2.214308e-07 2.227594e-07 -6.414569e-08 1.500000e-08 
-1.905943e-07 1.472112e-07 2.793888e-08 1.500000e-08 
9.195676e-08 -3.853769e-08 -2.471800e-07 1.500000e-08 
-2.348014e-07 -1.223002e-07 -2.948311e-08 1.500000e-08 
-1.096046e-07 7.093010e-09 -1.687477e-08 1.500000e-08 
-1.814556e-07 -2.019699e-07 1.482070e-07 1.500000e-08 
-2.466791e-07 -1.386069e-07 1.447185e-07 1.500000e-08 
-2.309848e-07 -1.516475e-08 1.060286e-08 1.500000e-08 
2.227956e-07 1.236459e-07 5.101435e-08 1.500000e-08 
2.527021e-07 -6.580367e-08 4.070448e-08 1.500000e-08 
-2.527096e-07 -1.113079e-07 2.722755e-08 1.500000e-08 
2.344897e-07 -2.978845e-09 -1.675496e-07 1.500000e-08 
-3.682851e-08 1.459592e-07 2.376185e-08 1.500000e-08 
2.532912e-07 -8.494134e-08 6.380000e-08 1.500000e-08 
2.167234e-07 -6.013198e-08 5.022959e-08 1.500000e-08 
2.382112e-07 1.356069e-07 2.822629e-08 1.500000e-08 
2.070051e-07 1.430061e-07 3.440587e-08 1.500000e-08 
6.838970e-08 6.260608e-08 4.273749e-08 1.500000e-08 
-1.492969e-07 -1.279906e-07 1.614404e-07 1.500000e-08 
-1.428926e-07 -1.519217e-07 1.341374e-07 1.500000e-08 
1.973866e-07 1.691713e-07 4.549055e-08 1.500000e-08 
2.196579e-07 -3.153036e-08 3.510152e-08 1.500000e-08 
4.628436e-08 6.146071e-08 1.389443e-07 1.500000e-08 
2.765969e-08 7.865810e-08 8.828671e-08 1.500000e-08 
1.088727e-07 -1.027195e-07 -1.060339e-07 1.500000e-08 
-8.870914e-08 -5.357347e-09 6.856954e-10 1.500000e-08 
2.364086e-07 -2.185695e-08 -2.170164e-07 1.500000e-08 
3.665792e-08 8.501866e-08 1.870450e-07 1.500000e-08 
1.734990e-07 2.138007e-07 -6.142387e-08 1.500000e-08 
2.885590e-07 1.482593e-08 -1.582658e-09 1.500000e-08 
6.747032e-08 4.102795e-08 1.447458e-07 1.500000e-08 
-9.351429e-08 1.358399e-07 1.739871e-08 1.500000e-08 
1.356557e-08 1.028247e-07 -4.919192e-08 1.500000e-08 
-3.169620e-08 -1.007670e-08 -1.093139e-07 1.500000e-08 
-2.894439e-07 -1.040846e-07 -2.627179e-08 1.500000e-08 
2.057478e-07 1.025834e-07 -2.079855e-09 1.500000e-08 
-6.459552e-08 4.168498e-08 -5.234938e-08 1.500000e-08 
1.991744e-07 1.478557e-07 6.652503e-08 1.500000e-08 
-8.258665e-08 -1.012009e-07 3.624914e-08 1.500000e-08 
-2.383611e-08 6.653353e-08 -6.820662e-08 1.500000e-08 
-4.590578e-08 1.187026e-08 -1.240251e-07 1.500000e-08 
-2.180759e-07 -1.706321e-07 4.066154e-08 1.500000e-08 
-2.752694e-08 1.189266e-07 1.137318e-07 1.500000e-08 
-1.695723e-07 1.018703e-07 6.678788e-08 1.500000e-08 
1.107759e-07 -6.109693e-08 -2.300980e-07 1.500000e-08 
-2.300615e-07 -1.501974e-07 -1.951914e-08 1.500000e-08 
-2.451953e-07 -8.491768e-08 -3.136230e-08 1.500000e-08 
2.944065e-07 3.303941e-09 -4.333706e-08 1.500000e-08 
1.277035e-07 -1.260249e-07 -1.045310e-07 1.500000e-08 
-1.572857e-07 -2.156962e-07 1.594944e-07 1.500000e-08 
-2.958793e-07 -5.627831e-08 5.210964e-09 1.500000e-08 
-2.246895e-07 5.705032e-08 2.056461e-08 1.500000e-08 
7.978299e-08 6.567575e-08 1.328763e-07 1.500000e-08 
-1.807990e-07 -1.513645e-07 3.581599e-08 1.500000e-08 
1.917220e-07 4.724877e-08 -9.809837e-08 1.500000e-08 
1.565081e-07 -1.185259e-07 -1.007809e-07 1.500000e-08 
-2.461550e-07 9.892447e-09 2.532115e-08 1.500000e-08 
-1.106284e-07 1.112122e-07 1.816225e-08 1.500000e-08 
-7.414070e-08 -2.882543e-08 -2.635659e-08 1.500000e-08 
2.077748e-07 1.967177e-07 5.125955e-08 1.500000e-08 
2.096548e-07 1.276250e-07 8.604121e-08 1.500000e-08 
2.150650e-07 2.075787e-07 7.825754e-08 1.500000e-08 
-8.197418e-08 -5.735825e-08 -3.822723e-08 1.500000e-08 
-3.899358e-08 1.501551e-07 1.267436e-07 1.500000e-08 
2.752784e-07 -8.385717e-08 8.718928e-09 1.500000e-08 
1.471214e-07 -1.588754e-08 5.886547e-09 1.500000e-08 
1.911528e-07 -7.311683e-08 -1.936675e-08 1.500000e-08 
-1.564588e-07 1.415859e-07 -1.736245e-08 1.500000e-08 
-3.686231e-08 1.720186e-07 1.895336e-07 1.500000e-08 
2.503578e-07 2.221482e-07 -5.621779e-08 1.500000e-08 
1.251193e-09 8.514981e-08 6.530236e-09 1.500000e-08 
-2.332731e-07 4.178145e-11 -1.515611e-08 1.500000e-08 
-1.183561e-07 -1.579896e-07 1.502972e-07 1.500000e-08 
2.122345e-07 -9.441016e-08 -1.789821e-08 1.500000e-08 
1.351767e-07 -4.289595e-08 1.116580e-08 1.500000e-08 
-2.015213e-08 6.000075e-08 1.800263e-07 1.500000e-08 
1.868203e-07 2.383621e-07 -5.050227e-08 1.500000e-08 
9.983553e-08 -1.092335e-07 -7.817897e-08 1.500000e-08 
-1.844418e-07 1.513923e-07 -1.280336e-08 1.500000e-08 
-2.061681e-07 -1.824101e-08 -1.488221e-07 1.500000e-08 
-1.509196e-07 -9.084598e-08 7.961308e-08 1.500000e-08 
-2.716577e-07 -1.175528e-07 7.182712e-08 1.500000e-08 
8.136404e-08 8.418448e-08 1.564332e-07 1.500000e-08 
1.925140e-07 2.341692e-08 -7.989355e-08 1.500000e-08 
4.100701e-08 3.535103e-08 -7.112973e-08 1.500000e-08 
1.909318e-07 1.112061e-07 2.253998e-08 1.500000e-08 
-2.351127e-07 -2.526053e-08 -1.524188e-07 1.500000e-08 
-2.419649e-07 -1.398823e-07 1.816516e-07 1.500000e-08 
2.123960e-07 2.368285e-07 -8.905421e-08 1.500000e-08 
-2.610934e-07 -1.345676e-07 2.041428e-07 1.500000e-08 
-2.413501e-07 3.742470e-09 -1.568821e-07 1.500000e-08 
-1.662044e-08 1.697012e-07 1.309138e-07 1.500000e-08 
1.297079e-07 1.243180e-08 -1.438846e-07 1.500000e-08 
2.880279e-07 -3.551515e-08 -8.968265e-09 1.500000e-08 
2.038590e-07 1.538327e-07 9.944144e-08 1.500000e-08 
2.677211e-07 2.309303e-07 -3.338376e-08 1.500000e-08 
1.363318e-07 -6.408377e-08 3.237292e-08 1.500000e-08 
-2.793178e-07 -1.216881e-07 -1.933191e-09 1.500000e-08 
2.039271e-07 -4.254472e-09 -7.788457e-08 1.500000e-08 
-1.778453e-07 -1.791711e-07 2.495022e-08 1.500000e-08 
-1.743169e-07 1.337478e-07 9.882266e-08 1.500000e-08 
8.475178e-08 -1.178239e-07 -1.155227e-07 1.500000e-08 
-4.785909e-10 1.312071e-07 1.747076e-07 1.500000e-08 
-1.569656e-07 -1.008980e-07 1.128930e-07 1.500000e-08 
-1.590043e-07 -1.654687e-07 5.085142e-08 1.500000e-08 
3.115633e-07 -1.988388e-08 -5.158134e-08 1.500000e-08 
-6.128230e-08 -4.884094e-08 5.154699e-08 1.500000e-08 
2.011739e-07 -1.179953e-07 -3.018567e-09 1.500000e-08 
-8.743904e-08 2.705877e-08 1.391521e-07 1.500000e-08 
1.829452e-07 -1.123882e-07 -1.135640e-07 1.500000e-08 
1.375474e-07 -7.384461e-08 6.071456e-08 1.500000e-08 
2.328522e-07 -1.120972e-07 -5.167239e-09 1.500000e-08 
-1.278572e-07 1.325559e-07 -1.800372e-08 1.500000e-08 
2.514198e-07 -7.208188e-08 9.083945e-08 1.500000e-08 
2.109273e-07 1.663586e-07 1.598631e-08 1.500000e-08 
8.713028e-08 3.389662e-08 1.662546e-07 1.500000e-08 
1.617812e-07 -1.475310e-07 -9.522229e-08 1.500000e-08 
2.465897e-07 1.299525e-07 -2.776471e-08 1.500000e-08 
2.740869e-07 1.063983e-07 1.851915e-09 1.500000e-08 
2.738731e-08 9.196383e-08 2.147184e-07 1.500000e-08 
-1.942419e-08 1.025892e-07 -6.446480e-09 1.500000e-08 
-1.667208e-07 1.647544e-07 7.958823e-08 1.500000e-08 
2.050512e-07 -8.526335e-08 6.172624e-08 1.500000e-08 
-1.980229e-07 -1.386621e-09 2.940397e-08 1.500000e-08 
-2.249261e-07 -3.453134e-08 -1.790700e-07 1.500000e-08 
-1.444604e-07 -7.021020e-08 -1.108262e-08 1.500000e-08 
-3.446126e-08 4.002763e-09 1.451775e-07 1.500000e-08 
1.905926e-07 1.113732e-07 -7.815651e-08 1.500000e-08 
-2.831540e-07 9.897280e-09 5.528731e-08 1.500000e-08 
-2.099838e-07 -4.362511e-08 -9.849081e-08 1.500000e-08 
-2.273056e-08 1.718377e-07 1.814513e-08 1.500000e-08 
-1.109595e-07 1.877150e-08 -4.447508e-08 1.500000e-08 
6.533180e-08 -1.264952e-07 -9.436442e-08 1.500000e-08 
-2.707839e-07 -1.440698e-07 4.750987e-08 1.500000e-08 
2.901356e-07 -2.703006e-09 -7.241756e-08 1.500000e-08 
-2.678627e-07 -1.175852e-07 1.015861e-07 1.500000e-08 
2.509637e-07 -4.621848e-08 -2.267459e-07 1.500000e-08 
8.598128e-08 5.233979e-08 1.898879e-07 1.500000e-08 
-2.079295e-07 -2.148388e-07 1.539966e-07 1.500000e-08 
-6.445832e-08 -1.816554e-09 1.558462e-07 1.500000e-08 
-4.941588e-08 2.996526e-08 -1.476947e-07 1.500000e-08 
-1.741579e-07 -1.124345e-07 1.423493e-08 1.500000e-08 
-2.924617e-08 1.429970e-07 9.590886e-08 1.500000e-08 
-5.734232e-08 -3.048945e-08 1.506281e-07 1.500000e-08 
-1.239579e-07 4.431107e-08 -3.356106e-08 1.500000e-08 
-9.389570e-08 -5.583528e-09 1.602337e-07 1.500000e-08 
-1.117911e-07 1.914598e-07 6.112182e-08 1.500000e-08 
2.292590e-07 1.619391e-07 8.568913e-08 1.500000e-08 
7.529827e-08 3.763631e-08 1.159844e-07 1.500000e-08 
-2.430452e-07 -1.591271e-07 -4.504724e-08 1.500000e-08 
1.162148e-07 -1.005262e-07 -5.460140e-08 1.500000e-08 
-1.925932e-07 -1.838564e-07 -7.509121e-10 1.500000e-08 
2.244916e-07 -9.393973e-08 8.286360e-08 1.500000e-08 
-7.634363e-08 1.277352e-07 -5.828040e-09 1.500000e-08 
-2.733783e-07 -8.810811e-08 4.594489e-08 1.500000e-08 
-1.546311e-08 1.830703e-07 -8.706561e-09 1.500000e-08 
1.653206e-07 -8.781500e-08 1.845205e-09 1.500000e-08 
-2.532112e-07 -3.159497e-08 -4.745339e-08 1.500000e-08 
2.844452e-07 -1.123128e-07 1.121804e-08 1.500000e-08 
-1.347974e-08 8.883101e-08 -8.539872e-08 1.500000e-08 
2.905465e-07 4.116685e-08 -1.580255e-08 1.500000e-08 
-5.737265e-08 6.905547e-08 1.771538e-07 1.500000e-08 
2.183260e-07 1.660305e-07 -1.084331e-07 1.500000e-08 
2.585036e-07 2.593800e-07 -3.576083e-08 1.500000e-08 
2.103982e-07 1.253675e-08 -1.764303e-07 1.500000e-08 
2.119146e-07 -1.423995e-07 1.073188e-08 1.500000e-08 
5.808159e-08 -1.214083e-07 -1.287837e-07 1.500000e-08 
1.833241e-07 2.401050e-07 -8.241415e-08 1.500000e-08 
-1.229143e-07 -1.736908e-07 1.754506e-07 1.500000e-08 
-7.595901e-08 -3.262038e-08 8.539240e-08 1.500000e-08 
-2.988525e-07 -4.120009e-08 -2.055349e-08 1.500000e-08 
-2.240544e-07 -1.811380e-07 1.172186e-07 1.500000e-08 
2.935190e-07 2.069726e-08 2.741605e-08 1.500000e-08 
-2.959826e-07 -9.971583e-08 6.189199e-08 1.500000e-08 
2.695394e-07 -7.840239e-08 1.138988e-07 1.500000e-08 
-4.955977e-08 -4.766513e-08 -5.343786e-08 1.500000e-08 
1.217875e-07 -1.221327e-07 -3.454886e-08 1.500000e-08 
2.809571e-07 -7.409546e-08 8.599234e-08 1.500000e-08 
-1.032999e-07 -1.872603e-07 1.936480e-07 1.500000e-08 
4.830109e-08 1.132609e-07 2.117101e-07 1.500000e-08 
2.801109e-07 -4.102250e-08 -2.315880e-07 1.500000e-08 
1.136284e-07 2.467393e-08 1.556343e-07 1.500000e-08 
-1.358977e-07 1.611711e-07 1.047285e-07 1.500000e-08 
2.612844e-07 -8.310714e-08 1.423543e-07 1.500000e-08 
3.116912e-07 4.258756e-08 3.693372e-08 1.500000e-08 
-2.564307e-07 -1.934987e-08 -1.726822e-07 1.500000e-08 
-2.610537e-07 -1.003482e-09 8.201345e-08 1.500000e-08 
1.935564e-07 2.329273e-07 -2.177792e-08 1.500000e-08 
5.879348e-08 -3.327733e-08 -7.913085e-08 1.500000e-08 
3.025909e-07 -1.229193e-07 -1.018846e-08 1.500000e-08 
1.443127e-07 2.068945e-07 -6.210304e-08 1.500000e-08 
1.825104e-07 -2.319820e-08 -1.820495e-07 1.500000e-08 
3.247737e-08 1.088563e-07 -1.357510e-08 1.500000e-08 
-1.891588e-07 -1.707821e-07 1.920979e-07 1.500000e-08 
-6.595268e-08 -6.390418e-08 -7.260986e-08 1.500000e-08 
1.580230e-07 -1.699102e-07 -1.148450e-07 1.500000e-08 
-2.499501e-07 -5.133402e-08 -1.525771e-07 1.500000e-08 
1.038045e-07 -1.030018e-09 1.675841e-07 1.500000e-08 
1.809930e-07 -2.057442e-08 -2.118960e-07 1.500000e-08 
-8.029918e-08 8.654954e-08 1.854201e-07 1.500000e-08 
1.331672e-07 1.020723e-07 -8.979544e-09 1.500000e-08 
-3.095812e-07 -4.189503e-08 2.769163e-08 1.500000e-08 
1.096631e-07 -1.444409e-07 -8.918846e-08 1.500000e-08 
2.078556e-07 1.485712e-07 -1.304681e-07 1.500000e-08 
1.232846e-07 4.934478e-08 1.697093e-07 1.500000e-08 
-2.387812e-07 -7.238381e-08 -5.785308e-08 1.500000e-08 
-5.921562e-08 4.517251e-08 -1.716259e-07 1.500000e-08 
1.706187e-07 -4.156803e-09 -1.438748e-07 1.500000e-08 
-1.909492e-07 -1.216755e-07 8.883882e-08 1.500000e-08 
1.182060e-07 1.029669e-08 -1.715097e-07 1.500000e-08 
1.323146e-07 8.327218e-08 -6.004310e-08 1.500000e-08 
3.081555e-07 -1.486891e-07 -2.450455e-08 1.500000e-08 
3.046744e-08 -1.125192e-07 -1.364284e-07 1.500000e-08 
-2.241747e-07 -2.003492e-07 1.746399e-07 1.500000e-08 
2.593777e-07 -1.837824e-08 -1.980344e-07 1.500000e-08 
-2.128848e-07 -2.360815e-07 1.334006e-07 1.500000e-08 
2.399745e-07 -3.401595e-09 1.836765e-08 1.500000e-08 
-2.118016e-07 6.166584e-08 -6.129921e-09 1.500000e-08 
1.826357e-07 2.303588e-08 -1.398562e-07 1.500000e-08 
-1.756091e-07 1.855395e-07 9.931069e-08 1.500000e-08 
2.746845e-07 1.019801e-07 -2.781494e-08 1.500000e-08 
-1.675301e-07 -6.707965e-08 -1.042935e-07 1.500000e-08 
-2.879426e-07 -1.241643e-07 1.228820e-07 1.500000e-08 
2.331897e-08 1.452422e-08 -1.417047e-07 1.500000e-08 
3.334894e-07 -3.143500e-10 -4.555820e-08 1.500000e-08 
-2.676691e-07 -4.802367e-08 -1.285963e-07 1.500000e-08 
-1.345086e-07 -2.066319e-07 1.422016e-07 1.500000e-08 
8.585501e-08 -1.343655e-07 -6.963919e-08 1.500000e-08 
2.024330e-07 2.328315e-07 6.812208e-08 1.500000e-08 
7.925872e-08 -8.120847e-08 -5.954286e-08 1.500000e-08 
-2.802804e-08 2.006769e-07 1.887236e-07 1.500000e-08 
-4.200506e-08 9.482171e-08 -7.829817e-08 1.500000e-08 
1.355781e-07 8.507928e-08 1.562584e-08 1.500000e-08 
-1.530938e-07 -1.960883e-07 2.603562e-08 1.500000e-08 
6.305208e-08 2.739358e-08 7.273410e-09 1.500000e-08 
-6.125109e-09 -3.824550e-08 -1.172627e-07 1.500000e-08 
-2.261470e-07 1.621203e-08 -3.939948e-08 1.500000e-08 
-1.776246e-08 5.737197e-08 6.506195e-08 1.500000e-08 
-2.980015e-07 -1.333365e-07 -2.231045e-08 1.500000e-08 
2.817118e-07 -6.915408e-08 -2.212899e-07 1.500000e-08 
1.562496e-07 9.730560e-08 3.360379e-08 1.500000e-08 
-6.511723e-08 8.815459e-09 -9.909762e-08 1.500000e-08 
-2.466844e-07 -1.789907e-07 4.408031e-08 1.500000e-08 
1.987998e-07 -6.524348e-08 -1.104362e-07 1.500000e-08 
1.270824e-07 3.106022e-08 -1.912603e-07 1.500000e-08 
2.562653e-07 -1.056070e-07 8.534267e-08 1.500000e-08 
5.295615e-08 1.328207e-07 2.339754e-07 1.500000e-08 
2.288684e-07 2.614425e-07 -8.427856e-08 1.500000e-08 
-2.759830e-07 -2.024187e-09 -1.874311e-07 1.500000e-08 
-2.506600e-07 -1.587797e-07 2.184578e-07 1.500000e-08 
2.298649e-07 1.894596e-07 1.320988e-08 1.500000e-08 
-2.019562e-07 -2.070657e-07 -1.729365e-08 1.500000e-08 
-1.343119e-07 -5.710678e-08 -4.232944e-08 1.500000e-08 
-2.082874e-07 -2.317948e-07 1.787427e-07 1.500000e-08 
-2.533611e-07 -1.084981e-07 2.168152e-07 1.500000e-08 
-5.119950e-08 2.119966e-07 1.733956e-07 1.500000e-08 
1.981708e-07 5.422007e-08 -1.265556e-07 1.500000e-08 
2.925611e-07 -1.093484e-07 3.994686e-08 1.500000e-08 
-2.841526e-07 -1.453347e-07 1.882573e-07 1.500000e-08 
1.760106e-07 -7.055911e-08 4.673550e-08 1.500000e-08 
-2.530469e-07 -9.125310e-08 2.413613e-07 1.500000e-08 
2.195997e-07 2.570233e-07 -5.609058e-08 1.500000e-08 
-2.966055e-07 2.465351e-08 7.767729e-08 1.500000e-08 
-1.671295e-07 4.599782e-08 8.738069e-09 1.500000e-08 
-2.924262e-07 -6.482457e-08 -1.307906e-07 1.500000e-08 
3.171875e-07 8.731542e-09 -8.160294e-09 1.500000e-08 
6.614107e-08 4.363622e-08 -1.167641e-07 1.500000e-08 
2.044083e-07 -1.223815e-07 -1.319886e-07 1.500000e-08 
-1.557330e-07 -2.202767e-07 1.259738e-07 1.500000e-08 
-7.825040e-08 2.243232e-08 -7.581456e-08 1.500000e-08 
-1.832023e-07 1.693961e-07 -3.676850e-08 1.500000e-08 
-2.069929e-07 -1.880160e-07 2.089779e-07 1.500000e-08 
-2.712203e-07 -2.267161e-08 -2.086678e-07 1.500000e-08 
2.255521e-07 2.148612e-07 -3.549899e-08 1.500000e-08 
-1.847425e-07 -2.416334e-07 1.246151e-07 1.500000e-08 
-3.283786e-07 -2.170315e-08 1.590414e-08 1.500000e-08 
2.327170e-07 1.938750e-08 -1.476347e-07 1.500000e-08 
-2.016222e-07 1.253117e-07 -6.541323e-09 1.500000e-08 
1.440758e-08 3.558462e-08 -1.611224e-07 1.500000e-08 
2.462192e-07 -5.717256e-08 1.416934e-07 1.500000e-08 
-2.953884e-07 -1.594415e-07 2.122314e-07 1.500000e-08 
-2.974754e-07 3.461748e-08 4.613255e-08 1.500000e-08 
-2.961578e-08 2.101121e-07 1.526448e-07 1.500000e-08 
-3.499337e-08 1.866183e-07 2.156747e-07 1.500000e-08 
2.960604e-07 1.215260e-07 -2.000286e-08 1.500000e-08 
-1.637610e-07 -3.959783e-08 9.325060e-08 1.500000e-08 
3.505728e-07 2.426313e-08 -4.353150e-08 1.500000e-08 
3.170558e-07 -9.202788e-08 3.984876e-08 1.500000e-08 
9.471818e-08 1.085779e-07 1.676861e-07 1.500000e-08 
-2.756947e-07 -2.296622e-08 -2.383308e-07 1.500000e-08 
-3.265692e-07 -4.364371e-08 5.235638e-08 1.500000e-08 
-2.013514e-07 1.704089e-07 1.022081e-07 1.500000e-08 
-1.864860e-07 -1.439721e-07 2.097522e-07 1.500000e-08 
3.414156e-07 4.572849e-08 3.950269e-08 1.500000e-08 
2.417627e-07 5.249832e-08 5.815982e-08 1.500000e-08 
-5.093876e-08 -5.947534e-08 1.462908e-07 1.500000e-08 
-3.051668e-07 -1.142999e-09 -1.805368e-07 1.500000e-08 
2.824877e-07 -1.956747e-08 -2.524214e-07 1.500000e-08 
1.107873e-07 1.596360e-08 -6.651699e-08 1.500000e-08 
-3.192575e-07 -1.743163e-08 -1.235465e-08 1.500000e-08 
1.000713e-08 -1.152665e-07 -1.581960e-07 1.500000e-08 
8.519763e-08 -1.628777e-07 -6.033206e-08 1.500000e-08 
2.178040e-07 -1.098689e-07 -4.299817e-08 1.500000e-08 
1.679099e-07 -9.906515e-08 4.206813e-08 1.500000e-08 
3.148786e-07 4.632263e-09 4.104269e-08 1.500000e-08 
-3.449724e-07 -2.030029e-09 -1.359411e-08 1.500000e-08 
1.047281e-08 6.333985e-08 -1.504376e-07 1.500000e-08 
2.698963e-07 -1.318785e-07 9.024172e-08 1.500000e-08 
1.780322e-07 1.368531e-07 3.917191e-08 1.500000e-08 
-2.790615e-08 2.040329e-07 -2.619198e-08 1.500000e-08 
-1.209579e-08 1.229826e-08 1.633701e-07 1.500000e-08 
2.877785e-07 2.639599e-07 -4.045152e-08 1.500000e-08 
-2.032145e-07 -1.603480e-07 -2.824874e-08 1.500000e-08 
4.680139e-08 4.375218e-09 -3.025619e-09 1.500000e-08 
-1.481493e-07 1.902672e-07 1.104138e-08 1.500000e-08 
1.636313e-07 1.330316e-07 -3.225773e-08 1.500000e-08 
-4.714314e-08 1.370966e-07 2.049440e-07 1.500000e-08 
-2.551460e-07 -4.700379e-08 -2.016279e-07 1.500000e-08 
1.363068e-07 -1.037185e-07 5.826234e-08 1.500000e-08 
-3.135842e-07 -1.586063e-07 1.883942e-07 1.500000e-08 
-2.575726e-07 -6.493298e-08 2.276949e-07 1.500000e-08 
3.214356e-07 -2.081647e-08 2.657314e-08 1.500000e-08 
-2.520556e-07 -2.296887e-09 -2.195114e-07 1.500000e-08 
-2.856246e-07 -1.530117e-07 -3.344679e-09 1.500000e-08 
2.655086e-07 1.314355e-07 3.995030e-08 1.500000e-08 
2.210886e-07 -7.782445e-08 -9.478598e-08 1.500000e-08 
-6.438781e-08 1.822159e-08 -1.837460e-07 1.500000e-08 
1.264615e-07 6.001534e-08 -1.834362e-07 1.500000e-08 
-1.424001e-07 -7.679904e-08 -6.346697e-08 1.500000e-08 
2.852243e-07 -3.706939e-09 -1.019958e-07 1.500000e-08 
2.601209e-07 1.605186e-07 3.493545e-08 1.500000e-08 
8.078817e-08 1.439332e-07 2.326006e-07 1.500000e-08 
1.685693e-07 2.616664e-07 -5.538188e-08 1.500000e-08 
-3.347076e-07 -5.557885e-08 1.866872e-08 1.500000e-08 
-2.399122e-08 -5.592010e-08 1.335948e-07 1.500000e-08 
-3.252455e-07 3.204348e-08 8.269126e-08 1.500000e-08 
-7.545139e-08 -1.933049e-07 2.030248e-07 1.500000e-08 
-8.317688e-08 5.496757e-08 1.711811e-07 1.500000e-08 
1.798541e-07 2.477122e-07 8.111275e-08 1.500000e-08 
-8.784382e-08 -7.308915e-08 -1.336590e-08 1.500000e-08 
2.430993e-07 1.716292e-07 1.104792e-07 1.500000e-08 
-3.035638e-07 -1.555938e-07 -4.164114e-08 1.500000e-08 
-6.231403e-08 1.453576e-07 7.549323e-08 1.500000e-08 
4.267148e-08 -6.968505e-08 -2.063742e-07 1.500000e-08 
1.973092e-07 2.521302e-07 1.051086e-07 1.500000e-08 
2.883631e-07 8.067692e-08 -1.171937e-08 1.500000e-08 
2.955590e-07 -1.128277e-07 -3.755109e-08 1.500000e-08 
7.058074e-09 -7.870554e-08 -5.140084e-08 1.500000e-08 
-1.133788e-07 -1.645834e-07 1.771118e-08 1.500000e-08 
-1.827926e-07 -9.279920e-08 -1.019349e-07 1.500000e-08 
9.944364e-08 -1.198865e-07 -1.415975e-07 1.500000e-08 
-1.331003e-07 -2.168338e-07 1.767614e-08 1.500000e-08 
-8.957485e-08 -1.646792e-07 -5.470342e-10 1.500000e-08 
-2.263503e-07 4.885473e-08 4.937562e-08 1.500000e-08 
-3.573058e-07 -2.110329e-08 2.383235e-08 1.500000e-08 
-3.052853e-08 2.051827e-07 2.388140e-07 1.500000e-08 
6.085982e-08 1.154124e-07 -2.074819e-08 1.500000e-08 
-6.591421e-08 -4.585046e-09 -2.031761e-07 1.500000e-08 
-2.066085e-07 -2.312806e-07 -2.058102e-10 1.500000e-08 
2.350889e-07 -5.359855e-08 1.079178e-07 1.500000e-08 
1.526339e-07 1.855087e-07 -1.011127e-07 1.500000e-08 
-3.333669e-07 -1.590226e-07 -4.177262e-08 1.500000e-08 
6.678584e-08 -1.003930e-07 -1.483436e-07 1.500000e-08 
4.839624e-08 -6.082221e-08 -8.489081e-08 1.500000e-08 
3.545211e-08 1.385471e-07 -1.667449e-08 1.500000e-08 
1.158406e-07 7.097572e-08 1.891178e-07 1.500000e-08 
-8.238544e-09 8.042626e-08 -1.343771e-07 1.500000e-08 
2.985158e-07 -6.663893e-08 7.465994e-10 1.500000e-08 
6.806690e-08 -1.263086e-07 -1.634016e-07 1.500000e-08 
1.025494e-07 5.799433e-08 2.142502e-07 1.500000e-08 
-2.435351e-08 1.181300e-07 2.095154e-07 1.500000e-08 
2.225522e-07 -2.407665e-09 -2.351748e-07 1.500000e-08 
-2.496295e-07 -2.216502e-08 -2.531619e-07 1.500000e-08 
-9.587684e-08 -5.870678e-09 -2.024093e-07 1.500000e-08 
-1.971115e-07 1.068454e-07 5.597865e-08 1.500000e-08 
-1.844788e-07 -1.189927e-08 -1.685543e-07 1.500000e-08 
8.891206e-08 3.717394e-08 3.533697e-08 1.500000e-08 
-2.711416e-07 -1.175150e-07 -4.772125e-08 1.500000e-08 
-1.411551e-07 1.888966e-07 -1.809970e-08 1.500000e-08 
-2.584190e-07 -2.046435e-07 5.428997e-08 1.500000e-08 
-1.633428e-07 -1.583971e-07 1.831451e-07 1.500000e-08 
-8.193327e-10 1.134732e-07 -9.690850e-08 1.500000e-08 
3.283161e-07 -1.704874e-07 -2.879254e-08 1.500000e-08 
-1.227462e-07 -2.400758e-07 1.782618e-09 1.500000e-08 
1.289684e-07 3.994585e-08 -2.198520e-07 1.500000e-08 
1.835936e-07 -1.637607e-07 -8.254109e-08 1.500000e-08 
1.461488e-07 7.921979e-08 -1.954195e-07 1.500000e-08 
-3.537791e-07 -1.609684e-07 -1.987378e-08 1.500000e-08 
-2.768637e-07 -8.281103e-08 2.132647e-07 1.500000e-08 
3.100713e-07 8.637596e-08 8.187298e-09 1.500000e-08 
2.154932e-07 -3.288099e-09 -2.643192e-07 1.500000e-08 
2.432168e-07 -5.570491e-08 1.715067e-07 1.500000e-08 
3.532186e-07 -3.914482e-09 -2.324682e-08 1.500000e-08 
2.599859e-07 4.965752e-08 -4.187440e-08 1.500000e-08 
2.973967e-07 1.458701e-07 -2.522054e-09 1.500000e-08 
3.047696e-07 -3.963661e-08 -2.515577e-07 1.500000e-08 
2.726738e-07 -5.675442e-09 -2.217379e-07 1.500000e-08 
-1.990481e-07 1.919282e-07 -2.488511e-08 1.500000e-08 
-9.759395e-08 4.017734e-08 -6.069707e-08 1.500000e-08 
-1.541581e-07 -1.043844e-07 1.793042e-07 1.500000e-08 
8.425687e-08 -1.444291e-07 -1.809950e-07 1.500000e-08 
2.887080e-07 1.745361e-07 -8.591574e-10 1.500000e-08 
1.273904e-07 2.294048e-07 -5.176280e-08 1.500000e-08 
-2.556841e-07 1.113847e-08 -4.074619e-08 1.500000e-08 
-7.825590e-08 1.202829e-07 1.979420e-07 1.500000e-08 
9.394431e-08 -1.463286e-07 -1.172483e-07 1.500000e-08 
2.885734e-07 -1.300543e-07 -6.109773e-08 1.500000e-08 
1.179256e-07 -1.409292e-07 -1.148860e-08 1.500000e-08 
2.984621e-07 2.574131e-07 -6.770956e-08 1.500000e-08 
-3.001353e-07 -7.361268e-08 7.608286e-08 1.500000e-08 
-1.316840e-07 -1.151354e-07 1.052684e-07 1.500000e-08 
1.765747e-07 2.236279e-07 5.601258e-08 1.500000e-08 
3.233754e-07 2.730223e-07 -6.173654e-08 1.500000e-08 
1.011091e-07 -1.561390e-07 -2.028784e-07 1.500000e-08 
1.855604e-07 5.510305e-09 5.029092e-08 1.500000e-08 
1.133871e-07 -1.468708e-07 -1.400886e-07 1.500000e-08 
2.699525e-08 -6.637053e-08 -1.051692e-07 1.500000e-08 
-9.487100e-08 -2.074322e-08 1.861032e-07 1.500000e-08 
-2.064216e-07 -1.050442e-07 -1.157815e-07 1.500000e-08 
1.507723e-07 2.545560e-07 7.839087e-08 1.500000e-08 
5.119082e-08 8.988816e-08 -4.155839e-08 1.500000e-08 
3.058130e-07 -1.303003e-07 -8.564839e-08 1.500000e-08 
3.091105e-07 -6.822258e-08 -2.091061e-07 1.500000e-08 
2.490000e-07 1.767565e-07 1.394428e-07 1.500000e-08 
2.576819e-08 -6.088385e-08 -1.463024e-07 1.500000e-08 
-1.823559e-07 -1.115183e-07 1.500644e-07 1.500000e-08 
-2.485819e-07 8.939239e-10 1.092321e-07 1.500000e-08 
-1.689471e-08 5.161037e-08 2.086444e-07 1.500000e-08 
2.285275e-07 -1.083316e-07 -1.209946e-07 1.500000e-08 
-5.541008e-08 2.113527e-07 2.543973e-07 1.500000e-08 
3.304905e-07 1.025062e-07 2.311623e-08 1.500000e-08 
-7.597089e-08 1.974897e-07 1.821094e-07 1.500000e-08 
-1.501553e-07 -7.776974e-08 -1.262898e-07 1.500000e-08 
-2.441574e-07 7.969294e-08 1.768122e-08 1.500000e-08 
-2.701297e-07 -3.107864e-08 -1.039628e-07 1.500000e-08 
2.508119e-07 -1.091099e-07 1.530399e-07 1.500000e-08 
1.945034e-07 4.348505e-08 -1.583221e-07 1.500000e-08 
1.934675e-07 1.949506e-07 9.481287e-08 1.500000e-08 
3.305579e-07 2.650808e-08 5.981737e-08 1.500000e-08 
-3.511969e-07 3.373016e-08 9.764721e-08 1.500000e-08 
-2.233945e-07 -1.284712e-08 -2.419859e-07 1.500000e-08 
1.464331e-07 -6.920903e-08 -1.672662e-07 1.500000e-08 
2.946208e-07 2.654596e-07 -1.128074e-08 1.500000e-08 
-7.534727e-08 7.046591e-08 -1.717437e-07 1.500000e-08 
-2.780691e-07 -2.040537e-07 3.162888e-08 1.500000e-08 
6.180831e-08 -1.055913e-07 -6.052224e-08 1.500000e-08 
1.547585e-07 1.020123e-07 -2.129231e-07 1.500000e-08 
-2.865553e-08 1.469604e-07 2.264130e-07 1.500000e-08 
-2.185266e-07 2.065939e-07 -4.236378e-08 1.500000e-08 
2.887344e-07 1.771273e-08 5.688128e-08 1.500000e-08 
1.302384e-07 2.717693e-07 6.489781e-08 1.500000e-08 
-2.346872e-07 -6.716683e-08 -2.102818e-07 1.500000e-08 
1.979190e-07 2.280618e-07 3.540279e-08 1.500000e-08 
-1.865232e-07 2.033236e-07 1.208655e-07 1.500000e-08 
1.066552e-07 1.688093e-08 -2.080435e-07 1.500000e-08 
-1.370293e-07 1.128553e-07 -3.868609e-08 1.500000e-08 
-1.541780e-07 -2.222377e-07 1.886071e-07 1.500000e-08 
-3.035108e-07 -1.883204e-07 2.124051e-07 1.500000e-08 
-6.548133e-08 1.182531e-07 -3.213583e-08 1.500000e-08 
-1.519731e-07 -5.239753e-08 -8.325978e-08 1.500000e-08 
1.242319e-07 -4.578033e-08 5.283205e-08 1.500000e-08 
1.095438e-07 2.883849e-08 2.152576e-07 1.500000e-08 
-2.611397e-07 -1.760153e-07 2.406639e-07 1.500000e-08 
-8.323463e-08 -2.033199e-07 1.758380e-07 1.500000e-08 
-5.006332e-08 1.822424e-07 2.592965e-07 1.500000e-08 
-2.966377e-07 -1.040842e-07 2.057522e-07 1.500000e-08 
1.326591e-07 2.664079e-07 3.548020e-08 1.500000e-08 
-3.520297e-07 5.818413e-09 8.668179e-08 1.500000e-08 
-1.681571e-07 -2.539260e-08 1.193060e-07 1.500000e-08 
3.180888e-07 -1.919172e-07 -1.045782e-08 1.500000e-08 
2.669354e-07 -1.273521e-07 1.705687e-07 1.500000e-08 
-2.359802e-07 -2.366270e-07 1.892193e-07 1.500000e-08 
4.679944e-08 -1.474867e-07 -1.191590e-07 1.500000e-08 
1.002706e-07 4.449125e-08 -1.904054e-07 1.500000e-08 
-1.536042e-07 2.059177e-07 9.859429e-08 1.500000e-08 
-5.466742e-08 3.831983e-08 -1.129051e-07 1.500000e-08 
-1.011772e-07 5.770644e-08 -1.633765e-07 1.500000e-08 
-2.066087e-07 1.781731e-07 -5.335485e-08 1.500000e-08 
7.412273e-08 -3.424200e-08 -2.709180e-07 1.500000e-08 
-3.063348e-07 -6.784149e-08 -3.214017e-08 1.500000e-08 
-3.327933e-07 7.987098e-09 -1.878454e-07 1.500000e-08 
-2.317004e-07 -1.212112e-07 2.332223e-07 1.500000e-08 
6.072872e-08 4.576565e-08 -1.461949e-07 1.500000e-08 
7.399035e-08 5.859040e-08 -1.871550e-07 1.500000e-08 
-1.300978e-07 -2.691087e-07 3.902914e-11 1.500000e-08 
2.395701e-07 5.664721e-08 8.779054e-08 1.500000e-08 
-1.052181e-07 -2.137906e-07 2.075210e-07 1.500000e-08 
2.269727e-07 -1.165210e-07 -1.508700e-07 1.500000e-08 
-1.480478e-09 1.870964e-07 1.501020e-07 1.500000e-08 
-1.702366e-07 8.958955e-08 -7.204220e-09 1.500000e-08 
-2.055493e-07 1.411016e-07 5.321769e-08 1.500000e-08 
1.171612e-07 -3.904113e-08 -2.634429e-07 1.500000e-08 
1.029899e-07 -5.127010e-08 -1.988423e-07 1.500000e-08 
-2.939086e-07 -1.255395e-07 4.283293e-08 1.500000e-08 
-2.463350e-07 1.170281e-08 -2.454206e-07 1.500000e-08 
1.484167e-07 -1.924660e-07 -9.755465e-08 1.500000e-08 
-3.408714e-07 2.698624e-08 -2.096118e-07 1.500000e-08 
-1.584903e-07 -1.503683e-07 1.578274e-08 1.500000e-08 
-1.226700e-07 2.050872e-07 8.553378e-08 1.500000e-08 
-1.731721e-07 -9.645860e-08 -1.308670e-07 1.500000e-08 
-1.522503e-07 3.806648e-08 8.378523e-08 1.500000e-08 
-3.725616e-07 -1.466380e-08 7.900568e-08 1.500000e-08 
-2.363392e-07 -2.036675e-07 3.051443e-08 1.500000e-08 
-1.950381e-07 1.801706e-08 -1.206579e-07 1.500000e-08 
-6.803417e-10 2.159109e-07 -3.039543e-08 1.500000e-08 
-2.716426e-07 3.567541e-08 -3.416851e-08 1.500000e-08 
-3.460015e-07 -6.379699e-08 6.313739e-08 1.500000e-08 
-2.465277e-07 -1.106743e-07 1.556614e-07 1.500000e-08 
-2.833256e-07 5.849961e-08 -4.974299e-08 1.500000e-08 
-2.274611e-07 9.080439e-08 -4.629513e-09 1.500000e-08 
2.480368e-07 -1.522398e-07 8.748881e-08 1.500000e-08 
-1.569649e-07 2.028352e-07 -3.944839e-08 1.500000e-08 
1.227982e-07 3.945600e-08 2.399880e-07 1.500000e-08 
-6.303251e-08 2.387943e-07 1.669256e-07 1.500000e-08 
-3.741277e-07 3.467819e-09 -1.803684e-08 1.500000e-08 
-1.675228e-07 1.326324e-07 1.317363e-07 1.500000e-08 
2.684660e-07 -5.743983e-08 1.876147e-07 1.500000e-08 
2.442260e-07 2.867744e-07 -8.901550e-08 1.500000e-08 
-1.014867e-07 -1.759237e-07 1.331570e-07 1.500000e-08 
-2.897388e-07 -1.820711e-07 -4.443759e-08 1.500000e-08 
1.297375e-07 -1.979199e-08 -2.827122e-07 1.500000e-08 
-1.331394e-07 -2.975750e-07 9.006956e-09 1.500000e-08 
2.788602e-08 1.270114e-07 1.835306e-07 1.500000e-08 
2.645310e-07 -1.370905e-07 -4.459152e-08 1.500000e-08 
2.523120e-07 9.959115e-08 -8.471953e-08 1.500000e-08 
-2.122326e-07 -2.570643e-08 -2.172867e-07 1.500000e-08 
1.998530e-07 1.753835e-07 1.199235e-07 1.500000e-08 
-2.210798e-07 -2.574900e-07 -2.116024e-09 1.500000e-08 
-2.231872e-07 -8.912730e-08 2.433298e-07 1.500000e-08 
1.832005e-08 3.507544e-08 -1.908619e-07 1.500000e-08 
-3.307617e-07 -1.504198e-07 1.652012e-07 1.500000e-08 
1.201782e-07 8.709302e-08 -2.082078e-07 1.500000e-08 
-3.280559e-07 -3.170316e-09 3.949291e-08 1.500000e-08 
-1.252387e-07 4.185101e-08 -1.717221e-07 1.500000e-08 
6.714614e-09 -8.063810e-08 -1.341892e-07 1.500000e-08 
-8.369261e-08 -1.505020e-07 5.014584e-08 1.500000e-08 
-1.075110e-07 -3.126031e-07 4.842286e-09 1.500000e-08 
2.912162e-07 -5.114484e-08 2.537686e-08 1.500000e-08 
3.139418e-07 2.998814e-07 -7.120216e-08 1.500000e-08 
-1.058120e-07 -2.314573e-07 -2.143278e-08 1.500000e-08 
4.446638e-08 -2.072551e-08 -1.928912e-08 1.500000e-08 
8.509253e-08 -2.040537e-08 -2.951711e-07 1.500000e-08 
-5.215662e-08 2.667473e-07 1.675134e-07 1.500000e-08 
1.418332e-07 2.987672e-07 7.095356e-08 1.500000e-08 
-2.063838e-07 -9.820968e-08 -1.449926e-07 1.500000e-08 
1.180590e-08 8.589523e-08 -1.701728e-07 1.500000e-08 
-3.072384e-07 -2.049174e-07 -5.291175e-08 1.500000e-08 
-2.257975e-07 1.530274e-07 1.027316e-07 1.500000e-08 
-5.720070e-08 2.757760e-07 1.393524e-07 1.500000e-08 
-2.061198e-07 7.312845e-09 -2.559560e-07 1.500000e-08 
2.892226e-07 -1.940976e-07 -1.833123e-08 1.500000e-08 
3.117892e-07 1.432817e-08 -8.429443e-08 1.500000e-08 
-2.885024e-07 -1.135067e-07 1.509195e-07 1.500000e-08 
1.461161e-07 -4.011010e-08 -2.556666e-07 1.500000e-08 
-2.782050e-07 -2.333524e-07 2.518156e-08 1.500000e-08 
3.321681e-07 -1.326983e-07 -1.627726e-08 1.500000e-08 
-1.344745e-07 -1.066477e-07 2.018305e-07 1.500000e-08 
-2.119356e-07 1.419124e-07 -2.930196e-08 1.500000e-08 
3.200933e-07 -1.206474e-07 3.138139e-08 1.500000e-08 
-8.346649e-08 1.992426e-07 6.721645e-08 1.500000e-08 
2.184778e-08 1.359442e-07 2.115260e-07 1.500000e-08 
-2.162079e-07 3.545223e-08 -2.584870e-07 1.500000e-08 
2.914849e-07 2.773940e-07 -8.897181e-08 1.500000e-08 
3.563936e-07 -1.687474e-07 -3.921506e-08 1.500000e-08 
3.097774e-07 1.853786e-07 -1.925814e-08 1.500000e-08 
3.656233e-07 -1.856463e-07 -1.620990e-08 1.500000e-08 
-3.619942e-07 1.119683e-08 -1.953107e-07 1.500000e-08 
-2.709768e-07 -3.844274e-08 2.233828e-07 1.500000e-08 
-1.323548e-07 1.280284e-08 -1.740812e-07 1.500000e-08 
-2.812395e-07 -1.976095e-07 2.461124e-07 1.500000e-08 
-2.201603e-07 1.764519e-07 -8.006421e-08 1.500000e-08 
1.654627e-07 2.949272e-07 8.903401e-08 1.500000e-08 
-2.683915e-07 8.540579e-08 3.441650e-08 1.500000e-08 
-2.057802e-07 -1.361267e-07 2.356040e-07 1.500000e-08 
2.337506e-07 -3.120396e-08 1.860014e-07 1.500000e-08 
3.478040e-07 -1.655829e-07 -6.778436e-08 1.500000e-08 
-2.096134e-07 2.224738e-07 1.212005e-07 1.500000e-08 
-1.974163e-07 -4.467233e-08 -1.993767e-07 1.500000e-08 
-3.707866e-07 2.680942e-09 1.098839e-07 1.500000e-08 
2.063195e-07 1.866533e-07 -1.266139e-07 1.500000e-08 
-1.841846e-07 1.486573e-07 1.508567e-07 1.500000e-08 
-6.448080e-08 -1.162471e-07 5.484459e-08 1.500000e-08 
-3.050463e-07 -1.262766e-07 7.249255e-08 1.500000e-08 
-3.368275e-07 -1.751956e-07 1.975888e-07 1.500000e-08 
3.945698e-07 -1.781374e-07 -1.381850e-08 1.500000e-08 
-1.855025e-07 4.593252e-08 -1.151989e-07 1.500000e-08 
1.543655e-07 2.323634e-07 -8.362504e-08 1.500000e-08 
-1.273740e-07 -2.233514e-07 1.166833e-07 1.500000e-08 
-2.845308e-07 -1.744836e-07 2.649369e-07 1.500000e-08 
-3.340941e-07 3.469764e-08 5.414904e-08 1.500000e-08 
-2.268378e-07 2.434045e-07 1.083465e-07 1.500000e-08 
-7.708404e-08 1.876072e-07 2.474179e-07 1.500000e-08 
-1.954854e-07 -7.127349e-08 -1.524536e-07 1.500000e-08 
-1.491626e-07 2.304890e-07 -3.082323e-08 1.500000e-08 
-3.037768e-07 -2.170880e-07 2.496701e-07 1.500000e-08 
5.205436e-08 -2.955513e-08 -2.906922e-07 1.500000e-08 
5.212370e-08 9.921597e-08 2.379423e-07 1.500000e-08 
1.305724e-07 -1.374341e-08 1.722583e-07 1.500000e-08 
-3.634708e-07 -3.378572e-08 1.002592e-07 1.500000e-08 
2.965682e-07 2.944668e-07 -1.868257e-08 1.500000e-08 
2.727166e-07 2.945352e-07 -1.049069e-07 1.500000e-08 
-2.921224e-07 -1.764382e-07 1.423299e-08 1.500000e-08 
3.492038e-07 8.720372e-08 5.349860e-09 1.500000e-08 
7.404938e-08 1.763654e-08 9.365839e-08 1.500000e-08 
6.185210e-08 1.355611e-07 2.624947e-07 1.500000e-08 
-1.675313e-07 -2.422321e-07 1.706652e-07 1.500000e-08 
-2.214257e-07 1.372167e-07 1.259217e-08 1.500000e-08 
-1.226932e-07 -3.023377e-07 3.672327e-08 1.500000e-08 
1.640559e-07 -9.269507e-08 -1.611145e-07 1.500000e-08 
2.077954e-07 -8.622083e-09 -2.928199e-07 1.500000e-08 
5.809822e-08 -1.291220e-07 -4.228652e-08 1.500000e-08 
-8.078504e-08 2.719183e-07 1.748396e-07 1.500000e-08 
9.905564e-08 1.082559e-07 -2.106510e-07 1.500000e-08 
-3.672574e-07 5.625764e-10 -2.228645e-07 1.500000e-08 
-7.874927e-08 2.192125e-08 -2.098240e-07 1.500000e-08 
-2.422328e-07 2.081058e-08 -1.815377e-07 1.500000e-08 
-2.984747e-07 -4.919601e-08 2.286960e-07 1.500000e-08 
-2.376723e-07 -1.332458e-07 2.600459e-07 1.500000e-08 
1.001954e-07 -1.755625e-07 -1.197589e-07 1.500000e-08 
1.016197e-07 6.105879e-08 4.829965e-08 1.500000e-08 
-3.347074e-07 4.953886e-08 -1.908133e-07 1.500000e-08 
-2.037038e-07 -2.476405e-07 2.038007e-07 1.500000e-08 
2.221711e-07 -7.545450e-08 -2.153652e-07 1.500000e-08 
2.022833e-07 -1.744934e-07 -1.034098e-07 1.500000e-08 
-2.803443e-07 -1.585000e-07 7.201230e-08 1.500000e-08 
-7.232265e-09 1.865963e-07 1.079700e-07 1.500000e-08 
-2.126376e-07 -2.660539e-07 1.346622e-07 1.500000e-08 
-2.264789e-08 2.518619e-08 1.883212e-07 1.500000e-08 
-2.051370e-07 -8.820280e-08 2.672743e-07 1.500000e-08 
1.603034e-07 -1.730332e-07 -6.606116e-08 1.500000e-08 
2.963729e-07 -9.524055e-08 -2.118959e-07 1.500000e-08 
3.626642e-07 -1.821455e-07 -8.790532e-08 1.500000e-08 
-1.106216e-07 2.739506e-07 1.724621e-07 1.500000e-08 
2.519597e-07 3.187110e-08 9.930756e-08 1.500000e-08 
-2.008288e-07 -1.266693e-07 -1.372991e-07 1.500000e-08 
3.707092e-07 -1.606929e-07 -3.524086e-10 1.500000e-08 
-2.680039e-07 -3.251310e-08 2.526403e-07 1.500000e-08 
-7.423867e-08 2.276552e-07 6.446468e-08 1.500000e-08 
2.539519e-07 -1.034572e-07 -1.496614e-07 1.500000e-08 
-2.424763e-07 1.594136e-07 -6.949575e-08 1.500000e-08 
3.879271e-07 -1.369684e-07 6.026914e-09 1.500000e-08 
-1.455265e-07 2.115961e-07 3.197457e-08 1.500000e-08 
1.175175e-07 3.152780e-07 6.494197e-08 1.500000e-08 
-3.778491e-07 3.648262e-08 -1.983519e-07 1.500000e-08 
-2.871063e-07 1.073071e-07 2.604463e-08 1.500000e-08 
-3.614265e-07 3.195897e-08 4.208941e-08 1.500000e-08 
-2.270962e-07 -2.779147e-07 1.112044e-07 1.500000e-08 
-2.057165e-07 3.110756e-08 -1.454492e-07 1.500000e-08 
-1.942494e-07 -3.514211e-08 -2.393678e-07 1.500000e-08 
-7.704988e-08 2.320067e-07 2.521318e-07 1.500000e-08 
-2.290844e-07 -2.985491e-07 1.328901e-07 1.500000e-08 
-3.017923e-07 -3.043560e-08 -1.860645e-07 1.500000e-08 
2.630032e-07 -5.265972e-08 -2.534584e-07 1.500000e-08 
-3.936193e-07 -1.672328e-08 1.113477e-07 1.500000e-08 
2.317930e-07 -1.526645e-07 1.127071e-07 1.500000e-08 
2.360458e-07 6.604657e-08 -8.897675e-08 1.500000e-08 
-3.944265e-07 2.528779e-08 -1.459446e-08 1.500000e-08 
1.078191e-07 1.268477e-07 1.875501e-07 1.500000e-08 
-3.169262e-07 -1.682364e-07 2.311727e-07 1.500000e-08 
-3.167812e-07 -1.183300e-07 1.421421e-07 1.500000e-08 
8.809864e-08 -1.680081e-07 -2.271653e-07 1.500000e-08 
-2.941635e-07 -2.157597e-07 -7.764008e-08 1.500000e-08 
3.497134e-07 -2.038993e-07 -7.181031e-08 1.500000e-08 
-2.273350e-07 -2.052377e-07 -3.318627e-08 1.500000e-08 
-1.166410e-07 -2.285839e-07 -4.926219e-08 1.500000e-08 
2.811167e-07 -6.994900e-08 -2.699806e-07 1.500000e-08 
2.276875e-07 2.311007e-07 3.754703e-08 1.500000e-08 
2.273754e-08 1.193890e-07 1.269352e-07 1.500000e-08 
-2.140128e-07 -2.592459e-08 -2.673032e-07 1.500000e-08 
3.380764e-07 -1.286774e-07 5.401161e-08 1.500000e-08 
3.099821e-07 2.339522e-07 -5.298282e-08 1.500000e-08 
1.972698e-07 2.717396e-07 7.671101e-08 1.500000e-08 
-1.508235e-07 -2.136896e-07 5.022318e-08 1.500000e-08 
2.031986e-08 -8.623300e-08 -2.176246e-07 1.500000e-08 
-1.958741e-07 -8.790533e-08 -1.774182e-07 1.500000e-08 
2.730704e-07 -9.457262e-08 -1.283179e-07 1.500000e-08 
3.110539e-07 2.592775e-08 -1.119514e-07 1.500000e-08 
6.951212e-08 1.097554e-07 -2.156442e-07 1.500000e-08 
-2.646706e-08 -5.987141e-08 1.636396e-07 1.500000e-08 
1.370420e-08 1.900737e-07 -8.236339e-09 1.500000e-08 
-3.203195e-07 -1.403053e-07 2.207642e-07 1.500000e-08 
-3.385210e-07 7.904128e-08 -1.869321e-07 1.500000e-08 
1.314449e-07 -4.129021e-08 -3.035667e-07 1.500000e-08 
-3.272214e-08 2.739166e-07 1.221087e-07 1.500000e-08 
1.740276e-07 8.480655e-08 -1.858509e-07 1.500000e-08 
3.030329e-07 -9.343566e-08 -1.273406e-07 1.500000e-08 
3.667360e-07 8.625977e-08 2.967538e-08 1.500000e-08 
-2.973640e-07 -9.648743e-08 1.640111e-08 1.500000e-08 
-3.195686e-07 -1.171659e-07 2.398432e-07 1.500000e-08 
-1.347556e-07 1.506621e-07 -4.090741e-08 1.500000e-08 
-1.813335e-07 -7.590711e-08 7.835782e-08 1.500000e-08 
-3.069419e-07 -2.343482e-07 2.253377e-07 1.500000e-08 
3.102673e-07 -7.312245e-08 -2.636424e-07 1.500000e-08 
9.942087e-08 -1.352020e-07 1.141930e-08 1.500000e-08 
2.336026e-07 2.307841e-07 7.403069e-08 1.500000e-08 
2.470224e-07 2.180191e-07 9.763080e-08 1.500000e-08 
-1.818269e-07 1.767358e-07 1.611543e-07 1.500000e-08 
1.378037e-07 -1.312744e-07 -1.478722e-07 1.500000e-08 
2.775480e-07 -9.917380e-08 1.623382e-07 1.500000e-08 
2.282917e-07 -1.046888e-07 -2.125561e-07 1.500000e-08 
1.529824e-07 -3.642805e-08 -3.238767e-07 1.500000e-08 
2.015064e-07 2.042071e-07 1.280763e-07 1.500000e-08 
3.040709e-07 -8.594108e-09 -1.248194e-07 1.500000e-08 
-2.321508e-07 -2.662098e-07 1.574484e-07 1.500000e-08 
2.153447e-08 1.569947e-07 -3.580520e-08 1.500000e-08 
1.312177e-07 2.893100e-07 9.737083e-08 1.500000e-08 
2.695307e-07 -1.693370e-09 2.321648e-08 1.500000e-08 
-1.995279e-07 1.675542e-07 1.835679e-07 1.500000e-08 
-3.664601e-07 -1.418813e-07 -3.923541e-08 1.500000e-08 
1.972637e-07 6.972417e-08 -1.973665e-07 1.500000e-08 
1.423667e-07 5.265932e-08 1.926198e-07 1.500000e-08 
-2.540035e-07 -2.906539e-07 1.149064e-07 1.500000e-08 
-6.142488e-09 1.983654e-07 2.227253e-07 1.500000e-08 
-1.907074e-07 -4.195455e-08 -2.772982e-07 1.500000e-08 
2.724830e-07 -1.295599e-07 1.411689e-07 1.500000e-08 
1.219677e-07 -1.939343e-07 -1.291634e-07 1.500000e-08 
-2.244707e-07 -2.597835e-07 2.217251e-07 1.500000e-08 
-1.819660e-07 -1.647543e-08 -2.593846e-07 1.500000e-08 
-1.735658e-07 -2.463082e-07 1.997679e-07 1.500000e-08 
3.035402e-07 -1.229666e-07 -2.208345e-07 1.500000e-08 
-2.599110e-07 -2.424176e-07 1.720791e-07 1.500000e-08 
-1.936071e-07 -1.730392e-07 -5.367767e-08 1.500000e-08 
-7.647721e-08 2.013361e-07 2.207505e-07 1.500000e-08 
-2.729321e-07 -2.196599e-07 -9.847315e-08 1.500000e-08 
1.339312e-07 -6.699586e-08 -2.482372e-07 1.500000e-08 
9.439701e-08 -1.825243e-07 -1.902782e-07 1.500000e-08 
-8.848231e-08 1.133133e-07 1.706135e-07 1.500000e-08 
1.475835e-07 2.477662e-07 -1.084597e-07 1.500000e-08 
3.423344e-07 1.171936e-07 4.644008e-08 1.500000e-08 
3.646846e-07 1.310743e-07 3.202500e-08 1.500000e-08 
-2.036944e-07 2.378351e-07 9.008822e-08 1.500000e-08 
2.655678e-07 6.103406e-08 -8.715336e-08 1.500000e-08 
3.814802e-07 2.864017e-09 -3.068569e-08 1.500000e-08 
-2.349237e-07 -2.873240e-07 2.160456e-07 1.500000e-08 
-3.790988e-07 -8.496673e-10 1.997776e-08 1.500000e-08 
-9.776698e-08 1.750290e-07 2.651381e-07 1.500000e-08 
3.019624e-07 -3.603254e-09 -2.155830e-07 1.500000e-08 
3.693529e-07 8.159816e-08 -1.615809e-08 1.500000e-08 
2.077622e-07 2.558131e-07 -8.570565e-09 1.500000e-08 
-2.215367e-07 -9.928201e-08 2.898198e-07 1.500000e-08 
3.895929e-07 -1.735607e-07 -9.796251e-08 1.500000e-08 
1.414928e-07 1.279378e-08 1.635106e-07 1.500000e-08 
3.565226e-07 -1.156074e-07 -2.011929e-08 1.500000e-08 
-3.004263e-07 -2.122429e-07 1.945669e-07 1.500000e-08 
3.135826e-07 2.058909e-07 -6.296273e-08 1.500000e-08 
1.429869e-07 3.140787e-07 1.095362e-07 1.500000e-08 
-9.410455e-08 -1.553788e-07 1.677627e-07 1.500000e-08 
1.149120e-07 3.373724e-07 8.506779e-08 1.500000e-08 
1.147449e-07 -2.031489e-07 -1.824943e-07 1.500000e-08 
1.193242e-09 -1.407514e-07 -1.450494e-07 1.500000e-08 
-2.343790e-08 1.133249e-07 2.391139e-07 1.500000e-08 
-2.755576e-07 -5.959602e-09 1.204275e-07 1.500000e-08 
-1.225703e-07 1.897509e-07 2.568884e-07 1.500000e-08 
3.394889e-07 -1.340747e-07 1.278323e-08 1.500000e-08 
-4.557059e-08 1.685140e-07 -1.019566e-09 1.500000e-08 
1.936571e-07 -1.580183e-07 -7.232396e-09 1.500000e-08 
-2.540934e-07 -2.646043e-07 2.120037e-07 1.500000e-08 
3.975127e-07 -1.494666e-07 -1.139859e-07 1.500000e-08 
-2.915287e-07 -3.431511e-08 2.019216e-07 1.500000e-08 
-3.382818e-07 3.526467e-08 -2.383305e-07 1.500000e-08 
2.812201e-07 -1.261921e-07 -2.406185e-07 1.500000e-08 
3.904901e-07 6.454281e-08 -3.417011e-09 1.500000e-08 
2.740156e-08 1.231909e-07 -9.993298e-08 1.500000e-08 
9.855006e-08 3.350814e-07 5.277393e-08 1.500000e-08 
-8.953139e-08 -7.073968e-08 -8.985284e-08 1.500000e-08 
-1.646673e-07 -8.056179e-08 -1.548453e-07 1.500000e-08 
-1.637291e-07 1.996253e-07 -6.849906e-08 1.500000e-08 
-3.679807e-07 -1.836565e-07 -3.342235e-08 1.500000e-08 
-3.007822e-07 3.957090e-08 -2.819305e-08 1.500000e-08 
-2.400457e-07 2.962560e-08 1.079575e-07 1.500000e-08 
1.067875e-07 1.251103e-07 -1.870683e-07 1.500000e-08 
-1.453942e-07 1.928046e-08 -4.419731e-08 1.500000e-08 
2.195273e-07 7.186789e-08 -1.380644e-07 1.500000e-08 
-1.712507e-07 3.411372e-08 -4.757574e-08 1.500000e-08 
-2.183148e-07 -6.411745e-08 -1.187555e-07 1.500000e-08 
2.503588e-07 -1.757916e-07 1.172292e-07 1.500000e-08 
-3.137725e-07 -2.376434e-07 2.691011e-07 1.500000e-08 
-2.589216e-07 -2.865532e-07 1.921308e-07 1.500000e-08 
3.562361e-07 1.336016e-07 6.735705e-08 1.500000e-08 
-2.438291e-07 -2.622489e-07 -2.108500e-08 1.500000e-08 
-2.503676e-07 2.618183e-07 1.110445e-07 1.500000e-08 
-7.014025e-08 1.083169e-08 1.824495e-07 1.500000e-08 
-2.427601e-07 1.914552e-07 -3.322273e-08 1.500000e-08 
-1.238450e-07 3.008370e-07 1.709578e-07 1.500000e-08 
3.140961e-07 -1.438384e-07 -1.111064e-07 1.500000e-08 
2.055942e-07 -1.439344e-08 -3.221771e-07 1.500000e-08 
-2.713170e-07 -2.268548e-07 -1.275528e-07 1.500000e-08 
2.899265e-07 -3.027902e-08 -8.888803e-08 1.500000e-08 
2.815824e-07 -3.138833e-08 1.946346e-07 1.500000e-08 
1.146944e-07 8.039535e-08 2.300835e-07 1.500000e-08 
-2.746781e-07 -2.769937e-07 2.299696e-07 1.500000e-08 
3.471566e-07 2.564991e-07 -6.957482e-08 1.500000e-08 
1.955090e-07 -7.792123e-08 -2.018356e-07 1.500000e-08 
1.705832e-07 -1.787950e-07 -3.847265e-08 1.500000e-08 
2.860401e-07 1.268862e-07 6.134565e-08 1.500000e-08 
-3.627776e-08 2.276433e-07 1.292295e-07 1.500000e-08 
-1.141095e-07 3.283789e-07 1.641269e-07 1.500000e-08 
2.457641e-07 2.041644e-07 1.242102e-07 1.500000e-08 
2.190666e-07 2.126603e-07 -1.055285e-07 1.500000e-08 
3.594753e-07 1.234373e-07 9.539621e-08 1.500000e-08 
-1.654843e-07 6.567410e-08 -1.256649e-07 1.500000e-08 
-1.809885e-07 -6.328085e-08 -2.585703e-07 1.500000e-08 
-3.405795e-07 -2.352586e-07 2.823562e-07 1.500000e-08 
3.329364e-07 -1.230989e-07 -2.268213e-07 1.500000e-08 
1.071910e-07 -2.081582e-07 -2.110922e-07 1.500000e-08 
-3.633195e-07 -2.434357e-07 3.001333e-07 1.500000e-08 
1.262769e-07 -2.107614e-07 -8.888822e-08 1.500000e-08 
-3.606877e-07 1.684947e-08 1.343228e-07 1.500000e-08 
1.147669e-07 -1.175817e-07 -1.672858e-07 1.500000e-08 
1.758937e-07 -5.425551e-08 -3.314434e-07 1.500000e-08 
-1.454410e-07 2.595978e-07 -3.705443e-08 1.500000e-08 
3.571830e-07 9.369535e-08 9.858386e-08 1.500000e-08 
-3.338544e-07 -2.425925e-07 2.357179e-07 1.500000e-08 
3.668207e-07 1.683096e-08 -6.763065e-08 1.500000e-08 
-2.258981e-07 -1.417800e-08 1.218131e-07 1.500000e-08 
1.698580e-07 -1.203635e-07 -1.711540e-07 1.500000e-08 
1.084411e-07 -5.994034e-08 -3.083627e-07 1.500000e-08 
2.290560e-07 5.115866e-08 -1.575665e-07 1.500000e-08 
-1.809268e-07 1.462506e-07 1.935755e-07 1.500000e-08 
3.469379e-07 2.730435e-07 -4.316742e-08 1.500000e-08 
2.533142e-07 1.276960e-07 -9.516523e-08 1.500000e-08 
2.408292e-07 -9.661746e-08 1.784227e-07 1.500000e-08 
1.422834e-07 8.690859e-08 2.399031e-07 1.500000e-08 
5.187616e-09 1.358915e-07 2.364747e-07 1.500000e-08 
-2.094047e-07 5.883910e-08 7.202866e-08 1.500000e-08 
3.045918e-07 -1.027208e-07 1.748302e-07 1.500000e-08 
8.520879e-08 7.944162e-08 -2.055770e-07 1.500000e-08 
-8.775089e-08 -1.285742e-07 1.796433e-07 1.500000e-08 
-3.261635e-07 5.462735e-08 -3.358701e-08 1.500000e-08 
-1.021188e-07 -3.011816e-07 5.852594e-08 1.500000e-08 
6.673886e-08 -1.744899e-07 -8.093379e-08 1.500000e-08 
2.838657e-07 8.300089e-09 -2.634442e-07 1.500000e-08 
-9.964719e-08 -1.468566e-07 2.002402e-07 1.500000e-08 
-1.056438e-07 1.021933e-07 1.925641e-07 1.500000e-08 
-3.135257e-07 -1.772684e-07 3.523791e-08 1.500000e-08 
3.024416e-07 -9.667967e-08 2.041369e-07 1.500000e-08 
-2.349798e-07 1.330587e-07 8.231257e-08 1.500000e-08 
-9.610122e-08 -3.704727e-09 -2.323302e-07 1.500000e-08 
4.180394e-07 -1.822596e-07 -9.407372e-08 1.500000e-08 
2.855112e-07 -1.570730e-07 -7.377110e-08 1.500000e-08 
-1.755744e-07 -1.231198e-07 -1.376185e-08 1.500000e-08 
-1.332853e-07 -2.989807e-07 6.458970e-08 1.500000e-08 
-2.695989e-07 1.845700e-07 -2.172165e-08 1.500000e-08 
-3.349015e-07 -1.134823e-07 1.187294e-07 1.500000e-08 
-2.957453e-07 -1.547313e-07 2.845349e-07 1.500000e-08 
1.687330e-07 -8.126303e-08 -3.423668e-07 1.500000e-08 
-1.119524e-08 -9.738661e-08 -1.169055e-07 1.500000e-08 
7.445252e-08 -3.786573e-08 -3.171239e-07 1.500000e-08 
2.825874e-07 -1.753172e-07 -9.740587e-08 1.500000e-08 
1.637178e-07 2.768952e-07 6.311430e-08 1.500000e-08 
-2.773322e-07 -2.562448e-07 -1.273375e-07 1.500000e-08 
1.875772e-07 -4.785700e-09 -2.534355e-07 1.500000e-08 
2.538787e-07 1.449556e-07 8.801965e-08 1.500000e-08 
7.465566e-09 2.239004e-07 2.148015e-07 1.500000e-08 
2.228063e-07 2.752398e-07 6.136052e-08 1.500000e-08 
-1.462086e-07 2.239709e-07 -6.906522e-08 1.500000e-08 
-3.277677e-07 -2.094939e-07 2.908437e-07 1.500000e-08 
1.396035e-08 2.872931e-08 -2.198570e-07 1.500000e-08 
-2.158352e-07 -1.392142e-07 -1.600462e-07 1.500000e-08 
2.973247e-07 3.056523e-07 -1.179779e-07 1.500000e-08 
3.434968e-07 -1.474899e-07 -2.129088e-07 1.500000e-08 
2.967683e-07 2.357386e-07 -7.808988e-09 1.500000e-08 
3.591163e-08 -8.358661e-08 -2.431176e-07 1.500000e-08 
-1.797083e-07 -1.887622e-07 -2.739509e-08 1.500000e-08 
3.018458e-07 -5.290579e-08 8.982126e-08 1.500000e-08 
3.520702e-07 -1.542549e-07 6.108026e-08 1.500000e-08 
-3.140878e-07 -2.223577e-07 1.698474e-07 1.500000e-08 
-2.848044e-07 -2.609336e-07 3.496536e-08 1.500000e-08 
2.765531e-07 -1.572314e-07 1.048335e-07 1.500000e-08 
2.068793e-07 -1.236714e-07 -2.215656e-07 1.500000e-08 
2.864422e-07 -1.486481e-07 1.624469e-07 1.500000e-08 
2.349020e-07 2.659189e-07 -1.133226e-07 1.500000e-08 
-1.184283e-07 3.187184e-07 1.360551e-07 1.500000e-08 
-8.954890e-08 -1.931225e-07 8.991174e-09 1.500000e-08 
-8.112686e-08 -2.430470e-07 -8.929805e-09 1.500000e-08 
-1.980197e-07 -2.179679e-07 2.033067e-07 1.500000e-08 
4.251420e-08 -1.763865e-07 -1.259733e-07 1.500000e-08 
-1.882072e-08 1.307197e-07 -1.135971e-07 1.500000e-08 
3.967110e-07 7.036999e-08 -3.218061e-08 1.500000e-08 
3.373034e-07 -1.279302e-07 -2.561059e-07 1.500000e-08 
-1.302417e-07 -2.499187e-07 -3.314238e-08 1.500000e-08 
2.766202e-07 -7.087821e-08 -1.931863e-08 1.500000e-08 
-3.606236e-07 -6.365310e-08 5.894914e-09 1.500000e-08 
3.497130e-07 1.235430e-07 7.142647e-09 1.500000e-08 
3.335688e-07 1.500349e-07 5.658006e-08 1.500000e-08 
1.640279e-07 6.296930e-09 -2.683554e-07 1.500000e-08 
2.866285e-09 -8.014624e-08 -1.639373e-07 1.500000e-08 
-1.679874e-08 -1.639535e-07 -1.512098e-07 1.500000e-08 
-1.574733e-07 1.994067e-07 1.276225e-07 1.500000e-08 
2.889362e-07 -1.121754e-07 -2.659956e-07 1.500000e-08 
5.121565e-08 -5.659008e-08 -3.140503e-07 1.500000e-08 
2.244455e-07 -3.881988e-08 1.511319e-07 1.500000e-08 
-2.214167e-07 -1.395662e-07 2.844550e-07 1.500000e-08 
2.328551e-07 -6.176107e-08 1.990014e-07 1.500000e-08 
-7.400766e-08 -2.231537e-07 2.003852e-07 1.500000e-08 
-1.001403e-07 -1.500835e-07 2.300621e-07 1.500000e-08 
-5.640643e-08 7.244399e-08 2.069461e-07 1.500000e-08 
-3.250960e-07 -1.971614e-07 2.566284e-07 1.500000e-08 
3.463189e-07 2.965726e-07 -2.456648e-08 1.500000e-08 
-2.154188e-07 -1.819199e-07 -7.226213e-08 1.500000e-08 
-1.264499e-07 1.280122e-07 -6.231541e-08 1.500000e-08 
-3.069525e-07 -1.980190e-07 -4.072964e-10 1.500000e-08 
-2.853131e-07 1.325139e-08 -4.866960e-08 1.500000e-08 
-1.141931e-07 -2.459728e-07 1.313303e-07 1.500000e-08 
-3.533088e-07 5.941940e-08 -2.174762e-08 1.500000e-08 
3.420758e-07 3.099341e-07 -7.392668e-08 1.500000e-08 
-3.689465e-07 4.404897e-08 1.439134e-07 1.500000e-08 
3.766624e-07 1.329747e-07 1.180599e-07 1.500000e-08 
1.675860e-07 3.087904e-07 1.258738e-07 1.500000e-08 
3.242138e-07 3.962861e-09 -2.342278e-07 1.500000e-08 
3.253316e-07 -9.675305e-08 -2.743505e-07 1.500000e-08 
-3.597772e-07 -9.777867e-08 1.128473e-07 1.500000e-08 
-1.570102e-08 2.206740e-07 -5.592369e-08 1.500000e-08 
-2.342707e-07 -3.278135e-07 1.288039e-07 1.500000e-08 
2.885101e-07 -8.938000e-08 -2.916087e-07 1.500000e-08 
9.044842e-08 1.426270e-07 2.681801e-07 1.500000e-08 
-6.494166e-09 -8.982537e-08 -7.574599e-08 1.500000e-08 
-1.851330e-07 -9.149454e-08 2.451608e-07 1.500000e-08 
3.780585e-07 7.601165e-08 1.108924e-07 1.500000e-08 
2.082688e-07 2.333948e-07 1.265449e-07 1.500000e-08 
-1.568103e-07 2.229340e-07 -9.711034e-08 1.500000e-08 
3.342735e-07 2.286355e-07 -6.976552e-08 1.500000e-08 
-1.215061e-07 1.133407e-07 -8.801184e-08 1.500000e-08 
-2.161384e-07 -3.410444e-07 1.089000e-07 1.500000e-08 
1.629617e-08 -1.158517e-07 -2.150672e-07 1.500000e-08 
-1.137605e-07 3.046944e-08 1.531359e-07 1.500000e-08 
-2.442412e-07 -2.284253e-07 -9.845612e-08 1.500000e-08 
2.756640e-07 1.687574e-08 8.866588e-08 1.500000e-08 
-4.168086e-07 7.486421e-09 -2.365832e-08 1.500000e-08 
-3.191244e-07 -2.708706e-08 -2.103212e-07 1.500000e-08 
1.545773e-08 2.116042e-07 1.536323e-07 1.500000e-08 
2.830540e-07 -1.433408e-07 1.917787e-07 1.500000e-08 
3.997413e-07 -1.272365e-07 -1.977451e-08 1.500000e-08 
-3.347186e-07 8.302558e-08 -2.907585e-08 1.500000e-08 
-1.915786e-07 2.291925e-07 1.442136e-07 1.500000e-08 
-2.676773e-07 3.225541e-08 -2.407197e-07 1.500000e-08 
-1.370467e-07 2.953714e-07 1.389317e-07 1.500000e-08 
-2.593702e-07 -3.009115e-07 8.723001e-08 1.500000e-08 
-2.176843e-07 -1.443672e-07 -1.199014e-07 1.500000e-08 
3.411054e-07 1.387871e-07 1.134774e-07 1.500000e-08 
-2.714035e-07 1.129439e-08 1.446152e-07 1.500000e-08 
1.009363e-07 1.503366e-07 2.048967e-07 1.500000e-08 
3.622292e-07 7.278524e-08 5.609745e-08 1.500000e-08 
-1.504575e-08 2.955744e-07 1.112237e-07 1.500000e-08 
-2.029612e-07 -2.956843e-07 1.098841e-07 1.500000e-08 
9.409934e-08 -1.311873e-07 -2.738084e-08 1.500000e-08 
-3.752562e-07 -5.975530e-08 6.841240e-08 1.500000e-08 
-3.155640e-07 -2.593902e-07 2.112466e-07 1.500000e-08 
-3.745155e-07 -1.054145e-07 1.378368e-07 1.500000e-08 
-1.449412e-07 2.044200e-07 2.704664e-07 1.500000e-08 
-4.233320e-08 2.214402e-07 2.794420e-07 1.500000e-08 
3.179037e-08 -1.355921e-07 -1.986280e-07 1.500000e-08 
-4.476323e-08 2.187863e-07 -6.237638e-09 1.500000e-08 
3.351078e-07 3.374905e-07 -8.352296e-08 1.500000e-08 
2.171053e-07 8.786117e-08 -2.106841e-07 1.500000e-08 
3.001702e-07 -1.164906e-07 -2.969993e-07 1.500000e-08 
-1.070082e-07 1.615268e-07 2.902835e-07 1.500000e-08 
1.524519e-07 -1.434440e-07 -1.791737e-07 1.500000e-08 
1.479201e-07 5.540909e-08 2.437817e-07 1.500000e-08 
-1.459539e-07 1.299485e-07 -9.315848e-08 1.500000e-08 
1.637639e-07 3.560307e-08 2.049180e-07 1.500000e-08 
2.626144e-07 -1.509171e-07 -9.215161e-08 1.500000e-08 
3.012913e-07 -1.412139e-07 -3.139551e-07 1.500000e-08 
3.314861e-07 2.103412e-07 -9.337797e-08 1.500000e-08 
4.261980e-07 -2.012761e-07 -1.157949e-07 1.500000e-08 
-3.224270e-07 -8.621266e-08 2.929590e-08 1.500000e-08 
1.993618e-07 -1.759675e-07 1.611888e-08 1.500000e-08 
3.969129e-07 1.414695e-07 1.384989e-07 1.500000e-08 
-2.470301e-07 -2.037392e-07 -1.152733e-07 1.500000e-08 
-2.547351e-08 8.176197e-08 -1.588959e-07 1.500000e-08 
7.409760e-08 1.600203e-07 1.956281e-07 1.500000e-08 
-3.457860e-07 -1.948104e-07 3.098104e-07 1.500000e-08 
1.872386e-07 -1.444623e-08 2.308358e-08 1.500000e-08 
-1.204508e-07 2.139987e-07 2.393511e-07 1.500000e-08 
-1.631644e-07 -1.884483e-07 -5.241916e-08 1.500000e-08 
-7.698665e-08 2.542627e-07 7.804738e-08 1.500000e-08 
6.924871e-08 -1.445157e-07 -2.069709e-07 1.500000e-08 
1.555411e-08 2.385717e-08 1.620010e-07 1.500000e-08 
1.213559e-07 1.808070e-08 -2.389299e-07 1.500000e-08 
-2.822044e-07 -3.033089e-07 1.833469e-07 1.500000e-08 
1.711033e-07 7.686513e-08 -8.938989e-08 1.500000e-08 
-1.081945e-07 6.823260e-09 -2.576859e-07 1.500000e-08 
-3.507736e-07 -2.213677e-07 2.484948e-07 1.500000e-08 
-2.194658e-07 -3.462678e-07 7.954620e-08 1.500000e-08 
1.580098e-07 -1.117715e-08 -3.392753e-07 1.500000e-08 
1.064669e-07 3.298551e-09 1.971506e-07 1.500000e-08 
-1.365364e-07 1.603020e-07 2.851271e-07 1.500000e-08 
1.016190e-07 -1.140773e-08 -1.192412e-09 1.500000e-08 
2.780815e-08 2.425173e-07 2.029868e-07 1.500000e-08 
-1.444735e-07 2.308782e-07 2.845995e-07 1.500000e-08 
3.752743e-07 2.652766e-07 -3.710731e-08 1.500000e-08 
2.991903e-07 -1.261019e-07 -3.397856e-07 1.500000e-08 
-4.378038e-08 2.249308e-07 1.994275e-07 1.500000e-08 
-3.114760e-07 -2.716354e-07 2.635735e-08 1.500000e-08 
-8.133990e-08 1.151592e-07 2.273399e-07 1.500000e-08 
2.582006e-07 2.728572e-07 -1.309020e-07 1.500000e-08 
-4.180177e-07 -3.227324e-08 1.192798e-07 1.500000e-08 
-2.150714e-07 -2.053909e-07 -9.094344e-08 1.500000e-08 
-3.056687e-07 1.261577e-07 1.189927e-08 1.500000e-08 
-3.772659e-07 7.244859e-08 -9.245785e-09 1.500000e-08 
-2.443588e-07 -1.416335e-07 -1.510709e-07 1.500000e-08 
-2.652627e-07 8.309468e-08 6.416326e-08 1.500000e-08 
2.844442e-07 2.188335e-07 1.369295e-08 1.500000e-08 
1.158814e-07 -2.292815e-08 2.082648e-07 1.500000e-08 
8.277559e-08 3.507591e-07 3.263997e-08 1.500000e-08 
-4.246954e-07 -2.091165e-08 -1.805946e-08 1.500000e-08 
-8.556821e-10 -1.836938e-07 -1.352055e-07 1.500000e-08 
-4.242585e-09 7.185062e-09 -2.096346e-07 1.500000e-08 
3.581870e-07 1.496021e-08 5.800650e-08 1.500000e-08 
-2.902354e-07 -9.591760e-08 -5.602675e-08 1.500000e-08 
-1.345459e-07 1.350390e-07 3.011839e-07 1.500000e-08 
4.098173e-07 1.144100e-07 1.396220e-07 1.500000e-08 
-3.861732e-07 -8.049785e-08 8.713581e-08 1.500000e-08 
2.420270e-07 3.118586e-07 -7.270765e-08 1.500000e-08 
3.245672e-07 2.265950e-07 -1.204813e-09 1.500000e-08 
2.883953e-07 1.480470e-07 -3.174517e-08 1.500000e-08 
-3.549622e-07 -2.330047e-07 3.269913e-07 1.500000e-08 
4.040901e-07 2.030338e-08 -2.148469e-08 1.500000e-08 
-4.217226e-08 1.910501e-07 3.051060e-08 1.500000e-08 
-1.392929e-07 2.589409e-07 2.938540e-07 1.500000e-08 
1.409084e-07 1.599366e-08 -2.848315e-07 1.500000e-08 
-2.797637e-07 2.655977e-07 1.063985e-07 1.500000e-08 
4.312023e-07 1.317010e-07 1.516097e-07 1.500000e-08 
-3.452097e-07 1.055894e-07 -1.746658e-07 1.500000e-08 
-2.563462e-07 -8.342298e-08 -1.973734e-07 1.500000e-08 
-1.604149e-07 1.642812e-07 2.674076e-07 1.500000e-08 
3.959017e-08 -1.520372e-07 -2.224759e-07 1.500000e-08 
-2.444473e-07 -1.484791e-08 -2.817906e-07 1.500000e-08 
-6.236282e-08 2.820879e-07 1.962219e-07 1.500000e-08 
3.239955e-07 3.644479e-07 -7.646507e-08 1.500000e-08 
2.148064e-07 1.049393e-07 1.049837e-07 1.500000e-08 
2.969187e-07 3.769968e-07 -7.952620e-08 1.500000e-08 
3.340406e-08 -1.739877e-07 -2.419671e-07 1.500000e-08 
-1.130531e-07 -1.764263e-07 2.363321e-07 1.500000e-08 
-2.947009e-07 1.847479e-07 -3.814902e-08 1.500000e-08 
1.473515e-08 2.353217e-08 1.919881e-07 1.500000e-08 
-1.229583e-07 -1.193414e-08 1.918917e-07 1.500000e-08 
4.308897e-07 -2.261542e-07 -1.318905e-07 1.500000e-08 
-2.622731e-07 1.207042e-07 8.075043e-08 1.500000e-08 
4.164170e-08 -1.612502e-07 -2.678495e-07 1.500000e-08 
1.697857e-07 -1.560110e-07 -1.581592e-07 1.500000e-08 
2.579992e-07 -6.823956e-08 2.140282e-07 1.500000e-08 
1.101885e-07 -1.128761e-07 -1.965585e-07 1.500000e-08 
-1.444196e-07 6.482776e-08 -1.696812e-07 1.500000e-08 
-2.976930e-07 -2.929599e-07 2.407119e-07 1.500000e-08 
-3.106459e-07 -1.178270e-07 -5.418615e-08 1.500000e-08 
-3.674489e-07 -2.020755e-07 3.292511e-07 1.500000e-08 
-1.214547e-07 3.323340e-07 1.094947e-07 1.500000e-08 
1.062207e-07 -2.374130e-07 -2.176660e-07 1.500000e-08 
2.170104e-08 1.357953e-07 2.615206e-07 1.500000e-08 
2.386712e-07 2.769963e-07 8.676170e-08 1.500000e-08 
3.172302e-08 -2.008111e-07 -1.396478e-07 1.500000e-08 
-2.416196e-07 1.433552e-07 -3.339804e-08 1.500000e-08 
1.137570e-07 3.121407e-07 1.160060e-07 1.500000e-08 
2.251023e-07 5.904066e-08 -2.130135e-07 1.500000e-08 
1.014012e-07 3.564311e-07 9.816416e-09 1.500000e-08 
-6.739892e-08 -1.239437e-08 -2.331475e-07 1.500000e-08 
-3.439275e-07 -2.380345e-07 3.544310e-07 1.500000e-08 
2.225673e-07 -1.093988e-07 -2.427831e-07 1.500000e-08 
4.094480e-07 -2.006730e-07 -7.500967e-10 1.500000e-08 
-3.893091e-07 -2.433296e-07 2.851490e-07 1.500000e-08 
-1.444683e-07 2.179208e-07 8.312849e-12 1.500000e-08 
-1.367202e-09 -2.837280e-08 2.405222e-08 1.500000e-08 
3.062175e-07 1.557707e-08 -1.929113e-07 1.500000e-08 
3.654968e-07 -2.054772e-07 -4.634675e-08 1.500000e-08 
3.397403e-07 2.180467e-07 -1.211717e-07 1.500000e-08 
1.999009e-07 1.052413e-07 -2.280607e-07 1.500000e-08 
-1.446485e-07 7.563764e-08 -1.976650e-07 1.500000e-08 
3.610670e-07 2.951596e-07 1.519872e-09 1.500000e-08 
3.168234e-08 1.220247e-07 2.862338e-07 1.500000e-08 
3.992400e-07 -2.287453e-07 2.032896e-09 1.500000e-08 
-3.017276e-07 -2.841564e-07 1.710170e-07 1.500000e-08 
-7.941679e-08 9.721986e-08 -1.587951e-07 1.500000e-08 
-4.132233e-07 5.492560e-09 1.066422e-07 1.500000e-08 
-1.128664e-07 1.647113e-08 -2.857054e-07 1.500000e-08 
1.654614e-07 2.518607e-07 -1.322003e-07 1.500000e-08 
3.700978e-07 1.579216e-07 1.027447e-07 1.500000e-08 
8.898799e-08 3.589430e-08 2.359379e-07 1.500000e-08 
-2.035446e-07 4.921724e-08 -3.214635e-08 1.500000e-08 
-1.972130e-07 -6.403585e-08 2.448528e-07 1.500000e-08 
-3.901611e-07 2.243426e-09 -2.004548e-07 1.500000e-08 
-2.482499e-07 -3.433756e-07 8.749056e-08 1.500000e-08 
-1.044440e-07 -2.398607e-07 2.223451e-07 1.500000e-08 
-7.404802e-09 3.235805e-07 1.036559e-07 1.500000e-08 
-2.734121e-07 -2.844927e-07 -1.366482e-07 1.500000e-08 
3.283971e-07 -2.195320e-07 -8.599605e-08 1.500000e-08 
1.061144e-08 9.580502e-08 7.052888e-08 1.500000e-08 
1.078572e-07 -2.260960e-07 -1.069317e-07 1.500000e-08 
9.344318e-08 7.153196e-08 -2.333193e-07 1.500000e-08 
1.680119e-07 -5.133570e-08 -3.602419e-07 1.500000e-08 
1.892779e-07 -2.003499e-07 1.842654e-09 1.500000e-08 
-2.858719e-07 -8.777235e-08 9.835526e-08 1.500000e-08 
3.417294e-07 3.588012e-07 -1.035730e-07 1.500000e-08 
2.938199e-07 2.909383e-08 1.091862e-07 1.500000e-08 
2.065103e-07 2.047486e-07 -1.505414e-07 1.500000e-08 
3.314015e-07 2.460365e-07 -1.143135e-07 1.500000e-08 
2.578330e-07 2.982902e-07 9.567190e-08 1.500000e-08 
-1.228942e-07 2.705387e-07 -5.354498e-08 1.500000e-08 
-3.290214e-07 -1.905122e-07 -6.767638e-08 1.500000e-08 
3.680784e-07 -1.323904e-07 7.395193e-08 1.500000e-08 
4.728427e-08 -5.591389e-08 -5.531595e-08 1.500000e-08 
-7.861230e-09 -2.635170e-08 -2.383069e-08 1.500000e-08 
-1.041112e-07 3.766612e-08 -3.050475e-07 1.500000e-08 
-9.795691e-08 2.228877e-07 2.716187e-07 1.500000e-08 
1.776721e-07 -6.333425e-08 -3.859851e-07 1.500000e-08 
-4.020395e-07 -1.151228e-07 1.308957e-07 1.500000e-08 
-1.082481e-07 1.506163e-07 -6.991468e-08 1.500000e-08 
-9.317631e-08 2.794684e-07 7.964970e-08 1.500000e-08 
3.778868e-07 9.893915e-09 8.005752e-08 1.500000e-08 
-1.140227e-07 3.004131e-07 7.447789e-08 1.500000e-08 
-1.899855e-07 -1.419412e-07 2.604378e-07 1.500000e-08 
2.718329e-07 2.374472e-07 -7.052746e-08 1.500000e-08 
9.891033e-08 -6.777372e-08 -3.357087e-07 1.500000e-08 
-3.639386e-07 -2.759266e-08 -2.326761e-07 1.500000e-08 
-2.593291e-07 -9.382198e-08 2.705835e-07 1.500000e-08 
1.357051e-07 -2.360486e-07 -1.119755e-07 1.500000e-08 
-1.052428e-07 -2.815673e-07 -1.123093e-08 1.500000e-08 
3.123470e-08 3.944200e-08 -2.419214e-07 1.500000e-08 
-2.991560e-07 -4.035859e-08 -2.314700e-07 1.500000e-08 
-1.863248e-07 3.366891e-08 -2.604420e-07 1.500000e-08 
4.511403e-07 -2.471373e-07 -1.248458e-07 1.500000e-08 
-2.718278e-07 2.210915e-08 1.725948e-07 1.500000e-08 
-1.031762e-08 5.795957e-08 2.372176e-07 1.500000e-08 
-1.251704e-08 3.527319e-07 1.085611e-07 1.500000e-08 
-8.073421e-08 -2.973303e-07 -4.099584e-09 1.500000e-08 
-1.545982e-07 -1.175501e-07 2.212258e-07 1.500000e-08 
-2.559853e-07 -4.451857e-08 2.773672e-07 1.500000e-08 
-3.666362e-07 -1.999848e-07 2.623205e-07 1.500000e-08 
7.630914e-08 4.193813e-09 5.703647e-08 1.500000e-08 
-1.119290e-07 3.606363e-07 1.066243e-07 1.500000e-08 
1.639812e-07 -1.421974e-07 -2.068418e-07 1.500000e-08 
-1.919576e-07 2.177247e-07 -5.074183e-08 1.500000e-08 
-3.189578e-07 5.283109e-08 -2.530955e-07 1.500000e-08 
3.087795e-09 -6.564059e-08 1.250954e-07 1.500000e-08 
-7.059743e-08 -5.068719e-09 -1.258672e-07 1.500000e-08 
2.577201e-07 -5.689034e-08 2.417972e-07 1.500000e-08 
4.191212e-07 6.002937e-10 -3.839192e-08 1.500000e-08 
2.160266e-07 -2.130031e-07 6.782447e-09 1.500000e-08 
-2.826925e-07 -2.851244e-07 1.217157e-07 1.500000e-08 
-3.357805e-07 -2.706590e-07 2.461371e-07 1.500000e-08 
-1.667135e-07 -2.566752e-07 1.432887e-07 1.500000e-08 
2.405066e-07 2.003582e-07 -1.225281e-07 1.500000e-08 
-1.205935e-07 -1.580602e-07 2.588227e-07 1.500000e-08 
-2.202883e-07 5.657424e-08 -1.391955e-07 1.500000e-08 
8.879718e-09 5.597390e-08 -2.531886e-07 1.500000e-08 
-1.209034e-07 -2.138355e-07 4.803930e-08 1.500000e-08 
2.871214e-07 -1.341309e-07 -1.983448e-07 1.500000e-08 
1.632358e-07 -6.893438e-09 -3.685044e-07 1.500000e-08 
-3.458136e-07 4.729036e-08 -2.652639e-07 1.500000e-08 
-2.079230e-07 2.664208e-07 8.202725e-08 1.500000e-08 
-9.386578e-08 -4.725908e-08 2.000996e-07 1.500000e-08 
2.494565e-08 -2.071269e-07 -1.111140e-07 1.500000e-08 
6.150546e-08 -1.722534e-07 -4.449610e-08 1.500000e-08 
2.849446e-07 -5.776959e-09 1.793784e-07 1.500000e-08 
-2.979045e-08 3.047617e-07 1.356816e-07 1.500000e-08 
-2.034034e-07 -1.662116e-07 -1.559732e-07 1.500000e-08 
-4.047224e-07 -5.796539e-08 1.272263e-07 1.500000e-08 
-1.133222e-07 2.955695e-07 4.487977e-08 1.500000e-08 
-2.748417e-07 -3.406101e-07 1.011003e-07 1.500000e-08 
2.493593e-07 3.409166e-07 -7.133944e-08 1.500000e-08 
-2.932802e-07 -2.352704e-08 -2.626298e-07 1.500000e-08 
2.452952e-07 2.765637e-07 1.160181e-07 1.500000e-08 
-1.646154e-07 2.476769e-07 -8.204818e-08 1.500000e-08 
2.763577e-07 -4.267706e-08 -2.815388e-07 1.500000e-08 
-1.674842e-07 -4.608470e-08 -2.958354e-07 1.500000e-08 
-2.657406e-08 2.800404e-07 1.758096e-07 1.500000e-08 
1.896716e-07 2.701300e-07 -3.580997e-08 1.500000e-08 
3.510127e-07 2.339111e-07 1.092412e-08 1.500000e-08 
1.142104e-08 9.815764e-08 -1.975496e-07 1.500000e-08 
-1.111224e-07 1.165329e-07 2.240056e-07 1.500000e-08 
-2.888052e-07 6.040126e-08 5.878256e-08 1.500000e-08 
-3.527853e-08 2.982339e-07 8.923369e-08 1.500000e-08 
2.538213e-07 2.112131e-07 -1.471225e-07 1.500000e-08 
-2.529600e-07 -3.453254e-08 1.708193e-08 1.500000e-08 
-1.465076e-07 -2.466004e-07 2.127204e-07 1.500000e-08 
3.606759e-08 -1.667019e-07 -2.968186e-07 1.500000e-08 
-1.289032e-07 2.069962e-07 -4.920700e-08 1.500000e-08 
-3.242987e-07 -1.497572e-07 3.003427e-08 1.500000e-08 
2.315264e-07 -8.642055e-08 -5.572107e-08 1.500000e-08 
-2.100450e-07 -2.750584e-07 1.756977e-07 1.500000e-08 
-3.720645e-07 5.477527e-08 9.299466e-08 1.500000e-08 
4.081566e-07 -2.571912e-07 -1.332108e-09 1.500000e-08 
3.775034e-07 1.097446e-07 -9.727938e-09 1.500000e-08 
-2.857941e-07 -7.122093e-08 -7.246904e-08 1.500000e-08 
3.902639e-07 -1.473393e-07 6.037511e-08 1.500000e-08 
2.270963e-07 -1.943097e-07 1.212215e-07 1.500000e-08 
-2.461465e-07 -2.875473e-08 -3.083182e-07 1.500000e-08 
-3.852199e-07 -1.904334e-07 2.838476e-07 1.500000e-08 
2.395469e-07 3.668581e-07 -5.990477e-08 1.500000e-08 
-8.041199e-08 -2.847468e-07 7.112412e-08 1.500000e-08 
-1.851762e-07 1.809805e-07 2.645772e-07 1.500000e-08 
-1.360509e-07 -3.101173e-07 -1.808938e-08 1.500000e-08 
3.394401e-07 2.682674e-07 -1.327842e-07 1.500000e-08 
-1.185559e-07 2.300377e-07 -7.899116e-08 1.500000e-08 
-3.783994e-07 -1.156965e-07 -4.770967e-08 1.500000e-08 
2.250063e-07 -3.723652e-08 -3.233452e-07 1.500000e-08 
-1.115842e-07 1.926769e-07 -1.474271e-08 1.500000e-08 
3.242298e-07 3.952413e-08 -1.914631e-07 1.500000e-08 
2.163750e-07 3.858672e-07 -6.121569e-08 1.500000e-08 
-1.007211e-07 9.618764e-08 -1.798916e-07 1.500000e-08 
3.947300e-07 -2.102854e-07 -4.162418e-08 1.500000e-08 
2.206106e-07 1.197995e-07 -2.441593e-07 1.500000e-08 
-2.682000e-07 -2.273163e-07 7.132746e-08 1.500000e-08 
-1.341340e-07 2.605452e-07 3.233635e-07 1.500000e-08 
4.385257e-07 -2.088869e-07 -1.552042e-07 1.500000e-08 
-2.353385e-07 -1.027614e-07 -1.513884e-07 1.500000e-08 
3.198531e-07 5.396422e-08 -2.173924e-07 1.500000e-08 
-2.415306e-07 1.860485e-07 -9.880503e-08 1.500000e-08 
-4.416289e-07 -1.967231e-08 6.673556e-09 1.500000e-08 
-1.817750e-07 -8.347335e-08 -2.807434e-07 1.500000e-08 
-2.504201e-07 1.297919e-07 1.464156e-08 1.500000e-08 
-4.021092e-07 -1.033153e-07 -3.412479e-08 1.500000e-08 
-1.286890e-07 2.795693e-07 2.468435e-08 1.500000e-08 
3.528521e-07 -8.570559e-08 -2.788860e-07 1.500000e-08 
-2.936558e-07 -2.115150e-07 7.285011e-08 1.500000e-08 
3.093901e-07 2.766414e-07 1.231658e-08 1.500000e-08 
-3.480927e-07 -2.209632e-08 -2.575498e-07 1.500000e-08 
4.988948e-08 2.256497e-07 2.142960e-07 1.500000e-08 
-2.237551e-07 -2.308856e-07 2.961105e-08 1.500000e-08 
-8.670714e-08 2.451897e-07 1.049396e-07 1.500000e-08 
4.200708e-07 1.440814e-07 1.765660e-07 1.500000e-08 
-2.356161e-07 1.834890e-07 -5.195907e-09 1.500000e-08 
-1.306343e-07 2.014210e-07 -8.126937e-08 1.500000e-08 
2.426213e-07 -1.164942e-07 2.008214e-07 1.500000e-08 
1.618216e-07 1.442902e-07 1.504918e-08 1.500000e-08 
-3.210327e-08 2.938907e-07 2.018403e-07 1.500000e-08 
7.786751e-08 -2.023418e-07 -2.085812e-07 1.500000e-08 
-4.541391e-07 -4.673702e-08 3.357446e-09 1.500000e-08 
1.356521e-08 -1.284205e-07 -2.421702e-07 1.500000e-08 
3.598138e-07 4.875354e-08 -5.818832e-08 1.500000e-08 
-1.306168e-07 3.526926e-07 1.580976e-07 1.500000e-08 
3.640557e-07 -1.542981e-07 9.404847e-08 1.500000e-08 
-1.511159e-07 -2.412721e-07 2.418815e-07 1.500000e-08 
2.411934e-07 -2.016365e-07 1.466694e-07 1.500000e-08 
4.537215e-08 2.203172e-08 1.592528e-07 1.500000e-08 
6.988022e-08 3.667903e-07 5.447369e-08 1.500000e-08 
-1.629746e-07 2.516202e-07 3.107534e-07 1.500000e-08 
-3.117845e-07 -3.121940e-07 1.674468e-07 1.500000e-08 
1.843536e-07 2.698516e-07 -1.470128e-07 1.500000e-08 
3.065517e-07 2.266563e-08 1.355790e-07 1.500000e-08 
4.403112e-07 1.602010e-07 1.537956e-07 1.500000e-08 
-2.195229e-07 2.060881e-07 -8.467802e-08 1.500000e-08 
-1.529293e-07 -3.164736e-07 7.901577e-08 1.500000e-08 
-3.292689e-07 -5.530216e-08 -2.113194e-07 1.500000e-08 
4.555722e-07 -2.092815e-07 -1.294237e-07 1.500000e-08 
-3.904479e-07 -2.079875e-07 3.475840e-07 1.500000e-08 
2.949441e-07 -1.706416e-07 1.954239e-07 1.500000e-08 
1.365156e-07 2.087033e-07 -1.112225e-07 1.500000e-08 
-1.261879e-07 -3.183724e-07 -4.519242e-08 1.500000e-08 
3.949116e-07 7.812389e-08 8.616360e-08 1.500000e-08 
-3.052162e-07 2.596417e-07 9.167777e-08 1.500000e-08 
1.786050e-07 3.172678e-08 -2.619656e-07 1.500000e-08 
2.739469e-07 -9.627596e-08 -3.169140e-07 1.500000e-08 
2.139766e-08 9.780000e-08 3.006349e-07 1.500000e-08 
1.432394e-07 1.548454e-07 -3.514306e-08 1.500000e-08 
1.297091e-07 2.640968e-07 -1.261746e-07 1.500000e-08 
1.216445e-07 3.681023e-07 2.863109e-08 1.500000e-08 
1.263118e-07 3.848879e-07 4.208526e-09 1.500000e-08 
1.959242e-08 -5.983972e-09 1.942693e-07 1.500000e-08 
2.009628e-07 -1.293023e-07 -1.609753e-07 1.500000e-08 
-3.538160e-07 -1.809136e-07 2.535790e-09 1.500000e-08 
-3.819226e-07 -7.642556e-08 1.400214e-07 1.500000e-08 
3.001381e-07 2.272739e-07 3.782715e-08 1.500000e-08 
4.588888e-08 1.261282e-07 -1.233763e-07 1.500000e-08 
1.947816e-07 1.793930e-08 -2.978332e-07 1.500000e-08 
3.472086e-07 5.871593e-08 -1.895530e-07 1.500000e-08 
4.777247e-07 -2.365133e-07 -1.338124e-07 1.500000e-08 
-3.246193e-07 -2.496973e-07 1.762999e-07 1.500000e-08 
7.372573e-08 1.897247e-07 1.998129e-07 1.500000e-08 
-3.976943e-07 -2.209879e-07 3.736316e-07 1.500000e-08 
-1.115180e-07 -1.904602e-07 2.628027e-07 1.500000e-08 
3.940896e-08 -1.409934e-07 -3.119152e-07 1.500000e-08 
1.045993e-07 -5.804695e-08 7.191326e-08 1.500000e-08 
4.814911e-07 -1.956332e-07 -1.358994e-07 1.500000e-08 
1.053789e-07 2.712180e-07 -1.422160e-07 1.500000e-08 
7.654098e-08 1.387276e-07 -2.122963e-07 1.500000e-08 
-3.001697e-07 -3.332167e-07 1.854230e-07 1.500000e-08 
1.290543e-07 -1.850429e-08 -3.364663e-07 1.500000e-08 
-2.059072e-07 -9.760865e-08 -2.915983e-07 1.500000e-08 
-2.803536e-07 -7.490619e-08 2.444747e-07 1.500000e-08 
2.425164e-07 3.726408e-07 -8.919200e-08 1.500000e-08 
3.330008e-07 1.672880e-07 1.181689e-07 1.500000e-08 
-1.750345e-07 -6.631917e-08 -3.166575e-07 1.500000e-08 
3.612729e-07 2.238891e-07 -1.011164e-07 1.500000e-08 
4.326503e-07 -2.567435e-07 1.598429e-08 1.500000e-08 
-3.236444e-07 -1.602084e-07 2.941078e-07 1.500000e-08 
-1.836578e-07 2.150652e-07 -1.079406e-07 1.500000e-08 
1.330292e-07 1.411438e-07 1.797994e-07 1.500000e-08 
3.783649e-07 -2.550303e-07 -4.122239e-09 1.500000e-08 
2.406617e-07 -4.906484e-08 -3.460388e-07 1.500000e-08 
3.372809e-07 2.785408e-07 2.320230e-08 1.500000e-08 
-1.512377e-07 2.002228e-07 -1.159025e-07 1.500000e-08 
2.827631e-07 3.301421e-08 -1.861410e-07 1.500000e-08 
1.776493e-07 1.978685e-07 -1.549807e-07 1.500000e-08 
-2.926113e-07 8.146890e-08 7.979847e-08 1.500000e-08 
-1.920918e-07 2.475088e-07 -4.715196e-08 1.500000e-08 
3.905545e-07 -1.347587e-07 9.368048e-08 1.500000e-08 
-3.419265e-07 1.151049e-07 -1.464049e-07 1.500000e-08 
4.499170e-07 -2.023550e-07 -9.745783e-08 1.500000e-08 
7.404129e-08 -1.052559e-09 -2.750878e-07 1.500000e-08 
-1.044848e-07 3.239100e-07 4.920650e-08 1.500000e-08 
-2.035564e-07 -2.899612e-07 8.044113e-08 1.500000e-08 
5.534562e-08 -3.044086e-08 -3.390282e-07 1.500000e-08 
5.202058e-09 -3.229416e-08 1.951008e-07 1.500000e-08 
-2.349728e-07 -1.958019e-07 1.470224e-07 1.500000e-08 
-2.603572e-08 1.051317e-07 2.678563e-07 1.500000e-08 
4.400162e-07 1.654016e-07 1.834670e-07 1.500000e-08 
5.323854e-08 1.547509e-07 2.838854e-07 1.500000e-08 
-9.018857e-08 -2.727752e-07 -3.564546e-08 1.500000e-08 
-1.461832e-07 1.904195e-08 -1.999626e-07 1.500000e-08 
-3.047393e-07 -8.846935e-08 -1.445497e-07 1.500000e-08 
3.642402e-07 2.017567e-07 -1.270365e-07 1.500000e-08 
-3.779462e-07 -2.522297e-07 3.255300e-07 1.500000e-08 
-1.541985e-07 -1.068337e-07 -1.648549e-07 1.500000e-08 
8.741209e-08 -2.443513e-07 -2.399841e-07 1.500000e-08 
-6.601205e-08 -2.261220e-07 2.291473e-07 1.500000e-08 
2.847548e-07 -1.816363e-07 1.202327e-07 1.500000e-08 
2.724583e-07 -2.089968e-07 1.197900e-07 1.500000e-08 
3.255523e-07 -1.391954e-07 -3.339885e-07 1.500000e-08 
1.720326e-08 -1.898533e-07 -2.996739e-07 1.500000e-08 
2.441347e-07 -1.054906e-07 4.395339e-08 1.500000e-08 
-3.403585e-07 2.896392e-08 1.527609e-07 1.500000e-08 
3.477625e-07 2.093874e-07 2.789531e-08 1.500000e-08 
2.160426e-07 -1.243368e-08 1.626714e-07 1.500000e-08 
3.815564e-07 -2.686703e-07 -3.065081e-08 1.500000e-08 
3.898281e-07 9.358991e-08 1.478045e-07 1.500000e-08 
9.481724e-08 9.608599e-08 -2.505010e-07 1.500000e-08 
1.988101e-07 -5.789529e-08 -4.065668e-07 1.500000e-08 
3.535803e-07 1.867094e-07 9.137324e-09 1.500000e-08 
-3.838528e-07 1.632113e-08 5.443935e-08 1.500000e-08 
4.004581e-07 2.796450e-07 -2.940510e-08 1.500000e-08 
4.342609e-07 -2.525690e-08 -3.987353e-08 1.500000e-08 
-3.449552e-07 -1.179399e-07 1.524415e-07 1.500000e-08 
-2.983577e-07 2.647052e-07 1.299244e-07 1.500000e-08 
-2.170236e-07 -1.376676e-07 -1.899827e-07 1.500000e-08 
-1.647575e-08 1.327406e-07 5.443408e-08 1.500000e-08 
-2.435340e-07 -1.593870e-07 -1.174119e-07 1.500000e-08 
3.849970e-07 6.171306e-08 -6.808070e-08 1.500000e-08 
-2.979628e-07 -2.120139e-07 2.931491e-07 1.500000e-08 
2.433738e-07 7.426731e-09 -2.671234e-07 1.500000e-08 
3.162395e-08 -4.423548e-08 2.028007e-07 1.500000e-08 
4.163078e-07 -1.423287e-07 1.413850e-08 1.500000e-08 
-1.083899e-07 6.618794e-08 -3.133058e-07 1.500000e-08 
9.406416e-08 -1.910498e-07 -6.559661e-08 1.500000e-08 
-2.044582e-07 3.875292e-08 -2.858924e-07 1.500000e-08 
3.524986e-09 -2.022277e-07 -2.760143e-07 1.500000e-08 
3.343026e-07 2.973352e-07 -1.381388e-07 1.500000e-08 
-3.051401e-07 -3.366286e-07 1.513594e-07 1.500000e-08 
5.012747e-07 -2.047800e-07 -1.565136e-07 1.500000e-08 
1.546003e-07 -2.215407e-07 -9.350228e-08 1.500000e-08 
2.360495e-07 -1.978686e-09 1.923731e-07 1.500000e-08 
-3.557710e-07 -2.655521e-07 3.560167e-07 1.500000e-08 
1.405722e-07 -2.072165e-07 -1.972050e-07 1.500000e-08 
1.997457e-07 -5.834799e-08 -3.491728e-07 1.500000e-08 
6.583542e-08 2.504249e-07 2.199453e-07 1.500000e-08 
2.859447e-07 3.016230e-07 1.056031e-07 1.500000e-08 
-4.068445e-07 1.565425e-08 -1.794354e-07 1.500000e-08 
5.320060e-10 8.360875e-08 -2.214192e-07 1.500000e-08 
-2.399304e-07 -3.388298e-07 5.890942e-08 1.500000e-08 
-3.252044e-07 8.008041e-08 -2.639792e-07 1.500000e-08 
-1.036290e-07 -7.198912e-08 2.139958e-07 1.500000e-08 
2.112680e-07 -1.095298e-07 -2.705735e-07 1.500000e-08 
-3.476512e-07 -2.781379e-07 2.196201e-07 1.500000e-08 
3.180135e-07 -1.221902e-07 -5.510506e-08 1.500000e-08 
2.687446e-07 -2.013833e-07 -1.027849e-07 1.500000e-08 
-3.883795e-07 -2.795638e-07 3.188974e-07 1.500000e-08 
-4.346684e-08 8.917011e-08 -1.817292e-07 1.500000e-08 
-3.163345e-07 -8.158113e-08 -5.967386e-08 1.500000e-08 
4.696678e-07 1.609765e-07 1.823706e-07 1.500000e-08 
4.720217e-09 2.407091e-07 -4.689241e-08 1.500000e-08 
-3.585064e-07 -1.716601e-07 1.771554e-07 1.500000e-08 
1.929144e-07 -1.747000e-07 -1.621320e-07 1.500000e-08 
-3.054363e-07 -2.125359e-09 -6.475102e-08 1.500000e-08 
3.238989e-07 -1.698662e-07 -1.223517e-07 1.500000e-08 
7.415675e-08 -1.961980e-07 -1.728610e-07 1.500000e-08 
-2.871770e-07 3.734392e-08 1.933867e-07 1.500000e-08 
-2.796546e-07 -2.016722e-07 -1.415644e-07 1.500000e-08 
-2.191850e-07 -1.207449e-07 -5.505083e-08 1.500000e-08 
-1.817756e-07 -1.130616e-07 -2.757903e-07 1.500000e-08 
-1.859247e-07 5.856876e-08 -2.986924e-07 1.500000e-08 
2.810059e-07 -2.210567e-07 -1.218274e-07 1.500000e-08 
-1.100023e-07 -3.412114e-07 -5.598159e-08 1.500000e-08 
3.612340e-07 1.863871e-07 1.060842e-07 1.500000e-08 
-3.313336e-07 4.509491e-08 1.170455e-07 1.500000e-08 
-7.177509e-08 1.575729e-07 1.012085e-07 1.500000e-08 
